timestamp [dd/mm/yyyy HH:MM];tempOut [C]
01/01/2013 00:00;1.6
01/01/2013 01:00;1.2
01/01/2013 02:00;0.7
01/01/2013 03:00;0.4
01/01/2013 04:00;0.3
01/01/2013 05:00;0.1
01/01/2013 06:00;-0.1
01/01/2013 07:00;-0.3
01/01/2013 08:00;-0.2
01/01/2013 09:00;-0.2
01/01/2013 00:10;
01/01/2013 00:11;
01/01/2013 12:00;-0.4
01/01/2013 13:00;-0.2
01/01/2013 14:00;-0.2
01/01/2013 15:00;-0.2
01/01/2013 16:00;-0.1
01/01/2013 17:00;0.2
01/01/2013 18:00;0.3
01/01/2013 19:00;0.1
01/01/2013 20:00;-0.1
01/01/2013 21:00;-0.4
01/01/2013 22:00;-0.8
01/01/2013 23:00;-1.2
02/01/2013 00:00;-1.6
02/01/2013 01:00;-1.6
02/01/2013 02:00;-1.8
02/01/2013 03:00;-1.9
02/01/2013 04:00;-1.9
02/01/2013 05:00;-1.9
02/01/2013 06:00;-1.7
02/01/2013 07:00;-1.5
02/01/2013 08:00;-1.2
02/01/2013 09:00;-0.7
02/01/2013 10:00;0.4
02/01/2013 00:11;
02/01/2013 12:00;4.8
02/01/2013 13:00;4.9
02/01/2013 14:00;5.2
02/01/2013 15:00;5.1
02/01/2013 16:00;4.8
02/01/2013 17:00;4.7
02/01/2013 18:00;4.6
02/01/2013 19:00;4.5
02/01/2013 20:00;4.4
02/01/2013 21:00;4.4
02/01/2013 22:00;4.3
02/01/2013 23:00;4.2
03/01/2013 00:00;4.1
03/01/2013 00:01;
03/01/2013 02:00;3.9
03/01/2013 03:00;3.8
03/01/2013 04:00;3.6
03/01/2013 05:00;3.5
03/01/2013 06:00;2.9
03/01/2013 07:00;2.6
03/01/2013 08:00;2.3
03/01/2013 00:09;
03/01/2013 10:00;4.8
03/01/2013 11:00;6.4
03/01/2013 12:00;6.8
03/01/2013 13:00;5.5
03/01/2013 14:00;5.4
03/01/2013 15:00;5.4
03/01/2013 16:00;5.7
03/01/2013 17:00;5.6
03/01/2013 18:00;5.3
03/01/2013 19:00;5.8
03/01/2013 20:00;5.9
03/01/2013 21:00;6.2
03/01/2013 22:00;6.2
03/01/2013 23:00;6.3
04/01/2013 00:00;6.6
04/01/2013 01:00;6.6
04/01/2013 02:00;7.1
04/01/2013 03:00;7.1
04/01/2013 04:00;7.3
04/01/2013 05:00;7.7
04/01/2013 06:00;7.7
04/01/2013 07:00;7.8
04/01/2013 08:00;7.9
04/01/2013 09:00;8.5
04/01/2013 10:00;8.6
04/01/2013 11:00;8.7
04/01/2013 12:00;9.3
04/01/2013 13:00;9.7
04/01/2013 14:00;9.7
04/01/2013 15:00;9.4
04/01/2013 16:00;9.4
04/01/2013 17:00;9.2
04/01/2013 18:00;9.1
04/01/2013 19:00;8.6
04/01/2013 20:00;9.1
04/01/2013 21:00;9.1
04/01/2013 00:22;
04/01/2013 23:00;8.9
05/01/2013 00:00;8.9
05/01/2013 01:00;9.1
05/01/2013 02:00;9.2
05/01/2013 03:00;9.7
05/01/2013 04:00;10.3
05/01/2013 05:00;10.2
05/01/2013 06:00;10.1
05/01/2013 07:00;9.6
05/01/2013 08:00;8.8
05/01/2013 09:00;8.9
05/01/2013 10:00;8.9
05/01/2013 11:00;9.3
05/01/2013 12:00;9.1
05/01/2013 13:00;9.1
05/01/2013 14:00;8.8
05/01/2013 00:15;
05/01/2013 16:00;8.7
05/01/2013 17:00;8.1
05/01/2013 18:00;7.6
05/01/2013 19:00;7.5
05/01/2013 20:00;7.3
05/01/2013 21:00;6.9
05/01/2013 22:00;6.4
05/01/2013 23:00;6.4
06/01/2013 00:00;6.6
06/01/2013 01:00;6.4
06/01/2013 02:00;6.4
06/01/2013 03:00;6.5
06/01/2013 04:00;6.4
06/01/2013 05:00;6.5
06/01/2013 06:00;6.6
06/01/2013 07:00;6.4
06/01/2013 08:00;6.1
06/01/2013 09:00;5.9
06/01/2013 10:00;5.5
06/01/2013 11:00;5.7
06/01/2013 12:00;6.6
06/01/2013 13:00;6.8
06/01/2013 14:00;6.7
06/01/2013 15:00;6.7
06/01/2013 16:00;6.5
06/01/2013 17:00;6.7
06/01/2013 18:00;7.1
06/01/2013 19:00;6.6
06/01/2013 20:00;6.2
06/01/2013 21:00;6.6
06/01/2013 22:00;6.5
06/01/2013 23:00;6.8
07/01/2013 00:00;
07/01/2013 01:00;6.7
07/01/2013 02:00;6.1
07/01/2013 03:00;6.1
07/01/2013 04:00;2.7
07/01/2013 05:00;1.2
07/01/2013 06:00;0.9
07/01/2013 07:00;0.7
07/01/2013 08:00;0.6
07/01/2013 00:09;
07/01/2013 10:00;1.2
07/01/2013 11:00;1.4
07/01/2013 12:00;1.6
07/01/2013 13:00;1.7
07/01/2013 14:00;1.8
07/01/2013 15:00;1.8
07/01/2013 16:00;1.7
07/01/2013 17:00;1.6
07/01/2013 18:00;1.3
07/01/2013 19:00;0.7
07/01/2013 20:00;0.1
07/01/2013 21:00;-0.3
07/01/2013 22:00;-0.3
07/01/2013 23:00;-0.3
08/01/2013 00:00;-0.6
08/01/2013 01:00;-0.5
08/01/2013 02:00;-0.6
08/01/2013 03:00;-0.5
08/01/2013 04:00;-0.5
08/01/2013 05:00;-0.8
08/01/2013 06:00;-0.6
08/01/2013 07:00;-0.6
08/01/2013 08:00;-0.5
08/01/2013 09:00;-0.6
08/01/2013 10:00;-0.6
08/01/2013 11:00;-0.7
08/01/2013 12:00;-0.9
08/01/2013 13:00;-1
08/01/2013 14:00;-0.8
08/01/2013 15:00;-0.7
08/01/2013 16:00;-0.9
08/01/2013 17:00;-0.9
08/01/2013 18:00;-0.5
08/01/2013 19:00;-0.4
08/01/2013 20:00;-0.2
08/01/2013 00:21;
08/01/2013 22:00;0.7
08/01/2013 23:00;4.4
09/01/2013 00:00;4.7
09/01/2013 01:00;4.9
09/01/2013 02:00;5.1
09/01/2013 00:03;
09/01/2013 04:00;5.1
09/01/2013 05:00;5.1
09/01/2013 06:00;5.1
09/01/2013 07:00;5.3
09/01/2013 08:00;5.3
09/01/2013 09:00;5.5
09/01/2013 10:00;5.8
09/01/2013 11:00;6.3
09/01/2013 12:00;6.8
09/01/2013 13:00;6.6
09/01/2013 14:00;6.9
09/01/2013 15:00;6.1
09/01/2013 16:00;4.8
09/01/2013 17:00;5.3
09/01/2013 18:00;5.1
09/01/2013 19:00;4.4
09/01/2013 20:00;2.7
09/01/2013 21:00;2.5
09/01/2013 22:00;2.5
09/01/2013 23:00;2.8
10/01/2013 00:00;3.1
10/01/2013 01:00;3.1
10/01/2013 02:00;3.1
10/01/2013 03:00;3.6
10/01/2013 04:00;4.4
10/01/2013 00:05;
10/01/2013 06:00;5.1
10/01/2013 07:00;4.8
10/01/2013 08:00;4.8
10/01/2013 09:00;4.9
10/01/2013 10:00;5.4
10/01/2013 11:00;5.6
10/01/2013 12:00;5.5
10/01/2013 13:00;5.6
10/01/2013 14:00;5.3
10/01/2013 15:00;5.2
10/01/2013 16:00;5.5
10/01/2013 17:00;5.4
10/01/2013 18:00;5.4
10/01/2013 19:00;5.4
10/01/2013 20:00;5.5
10/01/2013 21:00;5.2
10/01/2013 22:00;4.9
10/01/2013 23:00;4.6
11/01/2013 00:00;4.9
11/01/2013 01:00;4.9
11/01/2013 02:00;4.5
11/01/2013 03:00;4.6
11/01/2013 04:00;4.3
11/01/2013 05:00;4.2
11/01/2013 06:00;4.3
11/01/2013 00:07;
11/01/2013 08:00;3.2
11/01/2013 09:00;1.4
11/01/2013 10:00;0.6
11/01/2013 11:00;0.4
11/01/2013 12:00;0.5
11/01/2013 13:00;1.1
11/01/2013 14:00;1.3
11/01/2013 15:00;1.1
11/01/2013 16:00;0.4
11/01/2013 00:17;
11/01/2013 18:00;-0.1
11/01/2013 19:00;-0.1
11/01/2013 20:00;-0.2
11/01/2013 21:00;-0.4
11/01/2013 22:00;-0.4
11/01/2013 23:00;-0.5
12/01/2013 00:00;-0.9
12/01/2013 01:00;-1
12/01/2013 02:00;-0.8
12/01/2013 03:00;-0.8
12/01/2013 04:00;-0.6
12/01/2013 05:00;-0.5
12/01/2013 06:00;-0.5
12/01/2013 07:00;-0.7
12/01/2013 08:00;-0.7
12/01/2013 09:00;-0.4
12/01/2013 00:10;
12/01/2013 11:00;0.4
12/01/2013 12:00;0.6
12/01/2013 00:13;
12/01/2013 14:00;-0.8
12/01/2013 15:00;-1.4
12/01/2013 16:00;-1.2
12/01/2013 17:00;-1.1
12/01/2013 18:00;-1.1
12/01/2013 19:00;-1.1
12/01/2013 20:00;-1.1
12/01/2013 21:00;-1.3
12/01/2013 22:00;-1.6
12/01/2013 23:00;-1.4
13/01/2013 00:00;-1.4
13/01/2013 01:00;-1.3
13/01/2013 02:00;-1.5
13/01/2013 03:00;-1.9
13/01/2013 04:00;-2.1
13/01/2013 05:00;-2.1
13/01/2013 06:00;-2.4
13/01/2013 07:00;-2.2
13/01/2013 08:00;-2
13/01/2013 09:00;-2.1
13/01/2013 10:00;-2
13/01/2013 11:00;-2.2
13/01/2013 12:00;-2.6
13/01/2013 13:00;-2.9
13/01/2013 14:00;-2.9
13/01/2013 15:00;-2.8
13/01/2013 16:00;-2.7
13/01/2013 17:00;-2.9
13/01/2013 18:00;-2.8
13/01/2013 19:00;-2.7
13/01/2013 20:00;-2.7
13/01/2013 21:00;-2.5
13/01/2013 22:00;-2.4
13/01/2013 23:00;-2.6
14/01/2013 00:00;-2.5
14/01/2013 01:00;-2.7
14/01/2013 02:00;-2.9
14/01/2013 03:00;-2.9
14/01/2013 04:00;-2.9
14/01/2013 05:00;-2.8
14/01/2013 06:00;-2.7
14/01/2013 07:00;-2.5
14/01/2013 08:00;-2.4
14/01/2013 09:00;-2.2
14/01/2013 10:00;-1.9
14/01/2013 11:00;-1.6
14/01/2013 12:00;-1.6
14/01/2013 13:00;-1.5
14/01/2013 14:00;-1.3
14/01/2013 15:00;-1.1
14/01/2013 16:00;-1
14/01/2013 17:00;-1
14/01/2013 18:00;-1.1
14/01/2013 19:00;-1.1
14/01/2013 20:00;-1
14/01/2013 21:00;-1.1
14/01/2013 22:00;-1
14/01/2013 23:00;-1
15/01/2013 00:00;-0.9
15/01/2013 01:00;-0.8
15/01/2013 02:00;-0.9
15/01/2013 03:00;-0.8
15/01/2013 04:00;-0.9
15/01/2013 05:00;-1.2
15/01/2013 06:00;-1.6
15/01/2013 07:00;-1.4
15/01/2013 08:00;-1.4
15/01/2013 09:00;-1.5
15/01/2013 10:00;-1.5
15/01/2013 11:00;-1.1
15/01/2013 12:00;-0.3
15/01/2013 13:00;0.8
15/01/2013 14:00;0.8
15/01/2013 15:00;0.1
15/01/2013 16:00;-0.1
15/01/2013 17:00;-0.5
15/01/2013 18:00;-0.8
15/01/2013 19:00;-0.5
15/01/2013 20:00;-0.3
15/01/2013 21:00;-0.3
15/01/2013 22:00;-0.3
15/01/2013 23:00;-0.4
16/01/2013 00:00;-0.5
16/01/2013 01:00;-0.4
16/01/2013 02:00;-0.5
16/01/2013 03:00;-0.9
16/01/2013 04:00;-1.1
16/01/2013 05:00;-1.1
16/01/2013 06:00;-1.3
16/01/2013 07:00;-1
16/01/2013 08:00;-0.6
16/01/2013 09:00;-0.1
16/01/2013 10:00;0.5
16/01/2013 11:00;0.5
16/01/2013 12:00;0.4
16/01/2013 13:00;0.3
16/01/2013 14:00;0.1
16/01/2013 00:15;
16/01/2013 00:16;
16/01/2013 17:00;-0.2
16/01/2013 18:00;-0.3
16/01/2013 19:00;-0.3
16/01/2013 20:00;-0.3
16/01/2013 21:00;-0.3
16/01/2013 22:00;-0.1
16/01/2013 23:00;-0.2
17/01/2013 00:00;-0.7
17/01/2013 01:00;-1
17/01/2013 02:00;-0.9
17/01/2013 03:00;-1.1
17/01/2013 04:00;-1.4
17/01/2013 05:00;-1.5
17/01/2013 06:00;-1.5
17/01/2013 07:00;-1.5
17/01/2013 08:00;-1.5
17/01/2013 09:00;-1.6
17/01/2013 10:00;-1.6
17/01/2013 11:00;-1.6
17/01/2013 12:00;-1.4
17/01/2013 13:00;-1.4
17/01/2013 14:00;-1.3
17/01/2013 15:00;-1
17/01/2013 16:00;-0.9
17/01/2013 17:00;-1
17/01/2013 18:00;-1.4
17/01/2013 19:00;-1.6
17/01/2013 20:00;-1.8
17/01/2013 21:00;-2
17/01/2013 22:00;-2.1
17/01/2013 23:00;-2.1
18/01/2013 00:00;-2.1
18/01/2013 01:00;-2.2
18/01/2013 02:00;-2.3
18/01/2013 03:00;-2.5
18/01/2013 04:00;-2.4
18/01/2013 05:00;-2.5
18/01/2013 06:00;-2.6
18/01/2013 07:00;-2.7
18/01/2013 08:00;-2.8
18/01/2013 09:00;-2.8
18/01/2013 10:00;-3
18/01/2013 11:00;-3
18/01/2013 12:00;-3.1
18/01/2013 13:00;-2.9
18/01/2013 14:00;-2.8
18/01/2013 15:00;-2.8
18/01/2013 16:00;-2.9
18/01/2013 17:00;-3
18/01/2013 18:00;-3
18/01/2013 19:00;-3.2
18/01/2013 20:00;-3.5
18/01/2013 21:00;-3.6
18/01/2013 22:00;-3.6
18/01/2013 23:00;-3.7
19/01/2013 00:00;-3.8
19/01/2013 01:00;-3.9
19/01/2013 02:00;-3.9
19/01/2013 03:00;-3.9
19/01/2013 04:00;-4
19/01/2013 05:00;-4.1
19/01/2013 06:00;-4.2
19/01/2013 07:00;-4.3
19/01/2013 08:00;-4.4
19/01/2013 09:00;-4.3
19/01/2013 10:00;-4.2
19/01/2013 11:00;-4.2
19/01/2013 12:00;-4.3
19/01/2013 13:00;-4.2
19/01/2013 14:00;-4.3
19/01/2013 15:00;-4.2
19/01/2013 16:00;-4.3
19/01/2013 17:00;-4.4
19/01/2013 18:00;-4.5
19/01/2013 19:00;-4.6
19/01/2013 20:00;-4.6
19/01/2013 21:00;-4.8
19/01/2013 22:00;-4.6
19/01/2013 23:00;-4.5
20/01/2013 00:00;-4.2
20/01/2013 01:00;-3.9
20/01/2013 02:00;-3.8
20/01/2013 03:00;-3.7
20/01/2013 04:00;-3.8
20/01/2013 05:00;-3.7
20/01/2013 06:00;-3.5
20/01/2013 07:00;-3.4
20/01/2013 08:00;-3.2
20/01/2013 09:00;-2.7
20/01/2013 10:00;-2.3
20/01/2013 11:00;-2
20/01/2013 12:00;-1.5
20/01/2013 13:00;-1.1
20/01/2013 14:00;-0.9
20/01/2013 15:00;-0.8
20/01/2013 16:00;-0.5
20/01/2013 17:00;-0.2
20/01/2013 00:18;
20/01/2013 19:00;0.2
20/01/2013 20:00;0.2
20/01/2013 21:00;0.3
20/01/2013 22:00;0.6
20/01/2013 23:00;0.8
21/01/2013 00:00;0.9
21/01/2013 01:00;0.9
21/01/2013 00:02;
21/01/2013 00:03;
21/01/2013 04:00;0.9
21/01/2013 05:00;0.3
21/01/2013 06:00;0.1
21/01/2013 00:07;
21/01/2013 08:00;-0.1
21/01/2013 09:00;0.2
21/01/2013 00:10;
21/01/2013 11:00;1.4
21/01/2013 12:00;1.2
21/01/2013 13:00;1.1
21/01/2013 14:00;1.1
21/01/2013 15:00;0.8
21/01/2013 16:00;0.7
21/01/2013 17:00;0.6
21/01/2013 18:00;0.5
21/01/2013 19:00;0.4
21/01/2013 20:00;0.5
21/01/2013 21:00;0.5
21/01/2013 22:00;0.2
21/01/2013 00:23;
22/01/2013 00:00;
22/01/2013 01:00;-0.1
22/01/2013 00:02;
22/01/2013 00:03;
22/01/2013 00:04;
22/01/2013 00:05;
22/01/2013 00:06;
22/01/2013 07:00;0.1
22/01/2013 08:00;0.3
22/01/2013 09:00;0.5
22/01/2013 10:00;1.1
22/01/2013 11:00;1.5
22/01/2013 12:00;1.4
22/01/2013 13:00;1.6
22/01/2013 14:00;1.5
22/01/2013 15:00;1.5
22/01/2013 16:00;1.4
22/01/2013 17:00;1.3
22/01/2013 18:00;0.7
22/01/2013 00:19;
22/01/2013 20:00;-0.5
22/01/2013 21:00;-0.7
22/01/2013 22:00;-0.9
22/01/2013 23:00;-1.3
23/01/2013 00:00;-1.7
23/01/2013 01:00;-2
23/01/2013 02:00;-2.3
23/01/2013 03:00;-2.6
23/01/2013 04:00;-3.2
23/01/2013 05:00;-3.5
23/01/2013 06:00;-3.6
23/01/2013 07:00;-3.5
23/01/2013 08:00;-3.3
23/01/2013 09:00;-3
23/01/2013 10:00;-2.5
23/01/2013 11:00;-2
23/01/2013 12:00;-1.7
23/01/2013 13:00;-1.7
23/01/2013 14:00;-1.6
23/01/2013 15:00;-1.5
23/01/2013 16:00;-1.7
23/01/2013 17:00;-2
23/01/2013 18:00;-2.3
23/01/2013 19:00;-2.3
23/01/2013 20:00;-2.3
23/01/2013 21:00;-2.2
23/01/2013 22:00;-2.3
23/01/2013 23:00;-2.4
24/01/2013 00:00;-2.3
24/01/2013 01:00;-2.5
24/01/2013 02:00;-2.5
24/01/2013 03:00;-2.7
24/01/2013 04:00;-2.8
24/01/2013 05:00;-2.9
24/01/2013 06:00;-2.6
24/01/2013 07:00;-2.7
24/01/2013 08:00;-2.5
24/01/2013 09:00;-2.4
24/01/2013 10:00;-2.2
24/01/2013 11:00;-2
24/01/2013 12:00;-1.9
24/01/2013 13:00;-1.7
24/01/2013 14:00;-1.4
24/01/2013 15:00;-1.2
24/01/2013 16:00;-1.2
24/01/2013 17:00;-0.9
24/01/2013 18:00;-0.5
24/01/2013 19:00;-0.5
24/01/2013 20:00;-0.5
24/01/2013 21:00;-0.8
24/01/2013 22:00;-1.2
24/01/2013 23:00;-1.1
25/01/2013 00:00;-1.1
25/01/2013 01:00;-1.4
25/01/2013 02:00;-2
25/01/2013 03:00;-2.4
25/01/2013 04:00;-2.5
25/01/2013 05:00;-2.5
25/01/2013 06:00;-2.7
25/01/2013 07:00;-3.1
25/01/2013 08:00;-3.3
25/01/2013 09:00;-3.5
25/01/2013 10:00;-3.9
25/01/2013 11:00;-3.6
25/01/2013 12:00;-3.5
25/01/2013 13:00;-3.8
25/01/2013 14:00;-3.8
25/01/2013 15:00;-3.6
25/01/2013 16:00;-3.5
25/01/2013 17:00;-3.6
25/01/2013 18:00;-3.9
25/01/2013 19:00;-4.1
25/01/2013 20:00;-4.3
25/01/2013 21:00;-4.7
25/01/2013 22:00;-4.8
25/01/2013 23:00;-4.9
26/01/2013 00:00;-5.3
26/01/2013 01:00;-5.6
26/01/2013 02:00;-5.8
26/01/2013 03:00;-5.8
26/01/2013 04:00;-5.8
26/01/2013 05:00;-5.9
26/01/2013 06:00;-5.8
26/01/2013 07:00;-5.7
26/01/2013 08:00;-5.6
26/01/2013 09:00;-5.6
26/01/2013 10:00;-5.3
26/01/2013 11:00;-4.9
26/01/2013 12:00;-4.3
26/01/2013 13:00;-3.8
26/01/2013 14:00;-3.4
26/01/2013 15:00;-4
26/01/2013 16:00;-4.4
26/01/2013 17:00;-4.5
26/01/2013 18:00;-4.8
26/01/2013 19:00;-5
26/01/2013 20:00;-4.9
26/01/2013 21:00;-5
26/01/2013 22:00;-5.4
26/01/2013 23:00;-5.9
27/01/2013 00:00;-6.1
27/01/2013 01:00;-6.6
27/01/2013 02:00;-6.5
27/01/2013 03:00;-6.1
27/01/2013 04:00;-6.5
27/01/2013 05:00;-7.4
27/01/2013 06:00;-6.7
27/01/2013 07:00;-6.1
27/01/2013 08:00;-6
27/01/2013 09:00;-5.9
27/01/2013 10:00;-5.2
27/01/2013 11:00;-5
27/01/2013 12:00;-4.4
27/01/2013 13:00;-3.9
27/01/2013 14:00;-4.2
27/01/2013 15:00;-4.4
27/01/2013 16:00;-5.4
27/01/2013 17:00;-5.4
27/01/2013 18:00;-5.2
27/01/2013 19:00;-5.1
27/01/2013 20:00;-4.9
27/01/2013 21:00;-4.9
27/01/2013 22:00;-4.9
27/01/2013 23:00;-4.4
28/01/2013 00:00;-4.2
28/01/2013 01:00;-4.1
28/01/2013 02:00;-3.7
28/01/2013 03:00;-3.8
28/01/2013 04:00;-3.6
28/01/2013 05:00;-3.6
28/01/2013 06:00;-3.8
28/01/2013 07:00;-3.7
28/01/2013 08:00;-3.1
28/01/2013 09:00;-2.6
28/01/2013 10:00;-1.8
28/01/2013 11:00;-1
28/01/2013 12:00;-0.7
28/01/2013 13:00;-0.4
28/01/2013 14:00;0.1
28/01/2013 15:00;1.9
28/01/2013 16:00;2.6
28/01/2013 17:00;2.7
28/01/2013 18:00;2.9
28/01/2013 19:00;3.2
28/01/2013 20:00;3.5
28/01/2013 21:00;3.6
28/01/2013 22:00;3.5
28/01/2013 23:00;3.2
29/01/2013 00:00;3.5
29/01/2013 01:00;2.4
29/01/2013 02:00;0.8
29/01/2013 03:00;0.9
29/01/2013 00:04;
29/01/2013 00:05;
29/01/2013 06:00;0.6
29/01/2013 07:00;0.5
29/01/2013 08:00;1.4
29/01/2013 09:00;2.9
29/01/2013 10:00;3.8
29/01/2013 11:00;6.3
29/01/2013 12:00;4.7
29/01/2013 13:00;4.4
29/01/2013 14:00;5.3
29/01/2013 15:00;5.6
29/01/2013 16:00;5.8
29/01/2013 17:00;6.3
29/01/2013 18:00;6.5
29/01/2013 19:00;6.6
29/01/2013 20:00;6.9
29/01/2013 21:00;6.5
29/01/2013 22:00;6.7
29/01/2013 23:00;6.6
30/01/2013 00:00;6.9
30/01/2013 01:00;7.2
30/01/2013 02:00;7.7
30/01/2013 00:03;
30/01/2013 04:00;8.1
30/01/2013 05:00;8.6
30/01/2013 06:00;8.6
30/01/2013 07:00;8.9
30/01/2013 08:00;9.5
30/01/2013 09:00;10.1
30/01/2013 10:00;10.8
30/01/2013 11:00;11.5
30/01/2013 12:00;11.9
30/01/2013 13:00;12.8
30/01/2013 14:00;13.9
30/01/2013 15:00;14.3
30/01/2013 00:16;
30/01/2013 17:00;13.5
30/01/2013 18:00;13.5
30/01/2013 19:00;13.7
30/01/2013 20:00;14.4
30/01/2013 21:00;14.6
30/01/2013 22:00;13.9
30/01/2013 23:00;12.9
31/01/2013 00:00;9.8
31/01/2013 01:00;10.1
31/01/2013 02:00;9.7
31/01/2013 03:00;9.1
31/01/2013 04:00;8.5
31/01/2013 05:00;8.5
31/01/2013 06:00;8.2
31/01/2013 07:00;8.3
31/01/2013 08:00;8.6
31/01/2013 09:00;9.1
31/01/2013 10:00;9.5
31/01/2013 11:00;9.6
31/01/2013 12:00;10.2
31/01/2013 00:13;
31/01/2013 00:14;
31/01/2013 15:00;10.4
31/01/2013 16:00;11.1
31/01/2013 17:00;10.5
31/01/2013 18:00;10.7
31/01/2013 19:00;11.2
31/01/2013 20:00;11.2
31/01/2013 21:00;10.9
31/01/2013 22:00;10.9
31/01/2013 23:00;10.2
01/02/2013 00:00;9.7
01/02/2013 01:00;8.7
01/02/2013 02:00;7.2
01/02/2013 03:00;5.9
01/02/2013 00:04;
01/02/2013 05:00;8.2
01/02/2013 06:00;8.1
01/02/2013 00:07;
01/02/2013 08:00;8.1
01/02/2013 09:00;8.6
01/02/2013 10:00;9.4
01/02/2013 11:00;9.4
01/02/2013 12:00;9.2
01/02/2013 13:00;9.3
01/02/2013 00:14;
01/02/2013 15:00;9.1
01/02/2013 16:00;8.9
01/02/2013 17:00;8.9
01/02/2013 18:00;8.4
01/02/2013 19:00;6.9
01/02/2013 20:00;6.1
01/02/2013 21:00;5.6
01/02/2013 00:22;
01/02/2013 23:00;5.1
02/02/2013 00:00;
02/02/2013 00:01;
02/02/2013 02:00;5.2
02/02/2013 03:00;5.2
02/02/2013 04:00;5.1
02/02/2013 05:00;5.4
02/02/2013 06:00;5.2
02/02/2013 07:00;4.6
02/02/2013 08:00;5.1
02/02/2013 09:00;6.4
02/02/2013 10:00;7.7
02/02/2013 11:00;7.8
02/02/2013 00:12;
02/02/2013 13:00;6.8
02/02/2013 14:00;6.7
02/02/2013 15:00;6.6
02/02/2013 16:00;6.5
02/02/2013 17:00;6.4
02/02/2013 18:00;6.3
02/02/2013 19:00;6.2
02/02/2013 20:00;6.1
02/02/2013 00:21;
02/02/2013 22:00;5.9
02/02/2013 23:00;5.8
03/02/2013 00:00;5.7
03/02/2013 01:00;5.6
03/02/2013 02:00;5.5
03/02/2013 03:00;5.4
03/02/2013 04:00;5.3
03/02/2013 05:00;5.2
03/02/2013 06:00;5.1
03/02/2013 00:07;
03/02/2013 08:00;4.9
03/02/2013 09:00;4.8
03/02/2013 10:00;4.7
03/02/2013 11:00;4.6
03/02/2013 12:00;4.5
03/02/2013 13:00;4.4
03/02/2013 14:00;4.3
03/02/2013 15:00;4.2
03/02/2013 16:00;4.1
03/02/2013 00:17;
03/02/2013 18:00;3.9
03/02/2013 19:00;3.8
03/02/2013 20:00;3.7
03/02/2013 21:00;3.6
03/02/2013 22:00;3.5
03/02/2013 23:00;3.4
04/02/2013 00:00;3.3
04/02/2013 01:00;3.2
04/02/2013 02:00;3.1
04/02/2013 00:03;
04/02/2013 04:00;2.9
04/02/2013 05:00;2.8
04/02/2013 00:06;
04/02/2013 00:07;
04/02/2013 08:00;2.9
04/02/2013 09:00;3.4
04/02/2013 10:00;3.7
04/02/2013 11:00;3.9
04/02/2013 12:00;3.9
04/02/2013 13:00;3.8
04/02/2013 00:14;
04/02/2013 00:15;
04/02/2013 16:00;4.3
04/02/2013 17:00;5.2
04/02/2013 18:00;5.9
04/02/2013 19:00;6.3
04/02/2013 20:00;6.7
04/02/2013 21:00;6.9
04/02/2013 00:22;
04/02/2013 23:00;7.2
05/02/2013 00:00;7.4
05/02/2013 01:00;7.6
05/02/2013 02:00;7.7
05/02/2013 03:00;7.9
05/02/2013 04:00;7.9
05/02/2013 05:00;7.9
05/02/2013 06:00;7.6
05/02/2013 07:00;7.5
05/02/2013 08:00;7.4
05/02/2013 09:00;7.9
05/02/2013 10:00;8.2
05/02/2013 11:00;9.7
05/02/2013 12:00;9.4
05/02/2013 13:00;9.1
05/02/2013 14:00;8.8
05/02/2013 15:00;7.5
05/02/2013 16:00;7.7
05/02/2013 17:00;7.3
05/02/2013 18:00;6.4
05/02/2013 00:19;
05/02/2013 20:00;5.6
05/02/2013 21:00;4.7
05/02/2013 22:00;4.9
05/02/2013 23:00;4.7
06/02/2013 00:00;4.5
06/02/2013 01:00;3.9
06/02/2013 02:00;2.4
06/02/2013 03:00;2.5
06/02/2013 04:00;2.7
06/02/2013 05:00;2.9
06/02/2013 06:00;2.8
06/02/2013 07:00;2.8
06/02/2013 08:00;3.1
06/02/2013 09:00;3.3
06/02/2013 10:00;3.7
06/02/2013 11:00;3.8
06/02/2013 12:00;3.7
06/02/2013 13:00;3.6
06/02/2013 14:00;3.5
06/02/2013 15:00;3.7
06/02/2013 16:00;3.6
06/02/2013 17:00;3.1
06/02/2013 18:00;2.8
06/02/2013 19:00;2.7
06/02/2013 20:00;2.6
06/02/2013 21:00;2.6
06/02/2013 22:00;2.3
06/02/2013 23:00;2.1
07/02/2013 00:00;1.8
07/02/2013 01:00;1.6
07/02/2013 02:00;1.3
07/02/2013 03:00;1.1
07/02/2013 00:04;
07/02/2013 05:00;0.7
07/02/2013 06:00;0.5
07/02/2013 07:00;0.4
07/02/2013 08:00;0.5
07/02/2013 09:00;1.2
07/02/2013 10:00;2.1
07/02/2013 11:00;2.2
07/02/2013 12:00;3.2
07/02/2013 00:13;
07/02/2013 14:00;3.9
07/02/2013 15:00;3.6
07/02/2013 16:00;3.2
07/02/2013 17:00;2.9
07/02/2013 18:00;2.4
07/02/2013 00:19;
07/02/2013 20:00;2.1
07/02/2013 21:00;1.8
07/02/2013 22:00;1.4
07/02/2013 23:00;1.1
08/02/2013 00:00;0.8
08/02/2013 01:00;0.8
08/02/2013 02:00;0.8
08/02/2013 03:00;0.6
08/02/2013 04:00;0.7
08/02/2013 05:00;0.6
08/02/2013 06:00;0.3
08/02/2013 07:00;0.2
08/02/2013 08:00;0.4
08/02/2013 09:00;0.8
08/02/2013 10:00;1.4
08/02/2013 11:00;1.8
08/02/2013 00:12;
08/02/2013 13:00;2.2
08/02/2013 14:00;2.4
08/02/2013 15:00;2.4
08/02/2013 16:00;2.1
08/02/2013 17:00;1.7
08/02/2013 18:00;1.2
08/02/2013 00:19;
08/02/2013 20:00;0.8
08/02/2013 21:00;0.6
08/02/2013 22:00;0.3
08/02/2013 23:00;0.1
09/02/2013 00:00;-0.2
09/02/2013 01:00;-0.4
09/02/2013 02:00;-0.5
09/02/2013 03:00;-0.6
09/02/2013 04:00;-0.8
09/02/2013 05:00;-1
09/02/2013 06:00;-1.1
09/02/2013 07:00;-1.2
09/02/2013 08:00;-0.9
09/02/2013 09:00;-0.6
09/02/2013 10:00;-0.3
09/02/2013 11:00;0.1
09/02/2013 12:00;0.2
09/02/2013 13:00;0.2
09/02/2013 14:00;0.4
09/02/2013 15:00;0.4
09/02/2013 16:00;0.5
09/02/2013 17:00;0.5
09/02/2013 18:00;0.4
09/02/2013 19:00;-0.1
09/02/2013 20:00;-0.8
09/02/2013 21:00;-0.8
09/02/2013 22:00;-0.7
09/02/2013 23:00;-1
10/02/2013 00:00;-1.3
10/02/2013 01:00;-1.3
10/02/2013 02:00;-1.5
10/02/2013 03:00;-1.4
10/02/2013 04:00;-1.6
10/02/2013 05:00;-1.7
10/02/2013 06:00;-1.9
10/02/2013 07:00;-2
10/02/2013 08:00;-2.1
10/02/2013 09:00;-2.2
10/02/2013 10:00;-2.2
10/02/2013 11:00;-1.8
10/02/2013 12:00;-1.5
10/02/2013 13:00;-1.5
10/02/2013 14:00;-1.5
10/02/2013 15:00;-1.7
10/02/2013 16:00;-1.8
10/02/2013 17:00;-2.1
10/02/2013 18:00;-1.9
10/02/2013 19:00;-1.9
10/02/2013 20:00;-1.8
10/02/2013 21:00;-1.9
10/02/2013 22:00;-2
10/02/2013 23:00;-2.2
11/02/2013 00:00;-2.4
11/02/2013 01:00;-2.5
11/02/2013 02:00;-2.5
11/02/2013 03:00;-2.6
11/02/2013 04:00;-2.8
11/02/2013 05:00;-3.1
11/02/2013 06:00;-3.5
11/02/2013 07:00;-3.7
11/02/2013 08:00;-3.5
11/02/2013 09:00;-3.5
11/02/2013 10:00;-3.6
11/02/2013 11:00;-3.3
11/02/2013 12:00;-2.6
11/02/2013 13:00;-1.1
11/02/2013 14:00;-0.6
11/02/2013 15:00;-0.5
11/02/2013 16:00;-0.2
11/02/2013 17:00;-0.2
11/02/2013 18:00;-0.2
11/02/2013 19:00;-0.1
11/02/2013 20:00;-0.5
11/02/2013 21:00;-1
11/02/2013 22:00;-1.6
11/02/2013 23:00;-2.1
12/02/2013 00:00;-2.5
12/02/2013 01:00;-3
12/02/2013 02:00;-3.3
12/02/2013 03:00;-3.3
12/02/2013 04:00;-3.2
12/02/2013 05:00;-3.4
12/02/2013 06:00;-3.3
12/02/2013 07:00;-3
12/02/2013 08:00;-2.7
12/02/2013 09:00;-2.7
12/02/2013 10:00;-2.1
12/02/2013 11:00;-1.5
12/02/2013 12:00;-1
12/02/2013 13:00;-0.8
12/02/2013 14:00;-0.7
12/02/2013 15:00;-0.4
12/02/2013 16:00;-0.1
12/02/2013 17:00;-0.1
12/02/2013 18:00;-0.1
12/02/2013 00:19;
12/02/2013 00:20;
12/02/2013 21:00;-0.1
12/02/2013 00:22;
12/02/2013 23:00;0.1
13/02/2013 00:00;0.1
13/02/2013 00:01;
13/02/2013 02:00;0.1
13/02/2013 00:03;
13/02/2013 04:00;-0.1
13/02/2013 05:00;-0.2
13/02/2013 06:00;-0.2
13/02/2013 07:00;-0.4
13/02/2013 08:00;-0.3
13/02/2013 09:00;-0.1
13/02/2013 00:10;
13/02/2013 00:11;
13/02/2013 00:12;
13/02/2013 13:00;0.1
13/02/2013 14:00;0.2
13/02/2013 00:15;
13/02/2013 00:16;
13/02/2013 17:00;-0.4
13/02/2013 18:00;-0.6
13/02/2013 19:00;-0.6
13/02/2013 20:00;-0.6
13/02/2013 21:00;-0.7
13/02/2013 22:00;-0.8
13/02/2013 23:00;-0.8
14/02/2013 00:00;-0.9
14/02/2013 01:00;-0.8
14/02/2013 02:00;-0.7
14/02/2013 03:00;-0.9
14/02/2013 04:00;-1.1
14/02/2013 05:00;-0.9
14/02/2013 06:00;-0.8
14/02/2013 07:00;-0.8
14/02/2013 08:00;-0.7
14/02/2013 09:00;-0.5
14/02/2013 10:00;-0.5
14/02/2013 11:00;-0.3
14/02/2013 12:00;0.2
14/02/2013 13:00;0.6
14/02/2013 14:00;0.7
14/02/2013 15:00;0.6
14/02/2013 16:00;0.6
14/02/2013 17:00;0.7
14/02/2013 18:00;0.7
14/02/2013 19:00;0.8
14/02/2013 20:00;0.7
14/02/2013 21:00;0.6
14/02/2013 22:00;0.3
14/02/2013 23:00;0.4
15/02/2013 00:00;0.4
15/02/2013 01:00;0.4
15/02/2013 02:00;0.4
15/02/2013 03:00;0.2
15/02/2013 04:00;0.3
15/02/2013 05:00;0.3
15/02/2013 06:00;0.2
15/02/2013 07:00;0.2
15/02/2013 08:00;0.5
15/02/2013 09:00;0.9
15/02/2013 10:00;1.6
15/02/2013 11:00;2.6
15/02/2013 12:00;2.6
15/02/2013 13:00;2.6
15/02/2013 00:14;
15/02/2013 15:00;2.1
15/02/2013 16:00;2.1
15/02/2013 17:00;1.9
15/02/2013 18:00;1.9
15/02/2013 00:19;
15/02/2013 20:00;2.1
15/02/2013 21:00;2.2
15/02/2013 22:00;2.3
15/02/2013 23:00;2.4
16/02/2013 00:00;2.4
16/02/2013 01:00;2.5
16/02/2013 02:00;2.6
16/02/2013 03:00;2.7
16/02/2013 04:00;2.8
16/02/2013 05:00;2.9
16/02/2013 00:06;
16/02/2013 07:00;3.1
16/02/2013 08:00;3.2
16/02/2013 09:00;3.3
16/02/2013 10:00;3.3
16/02/2013 11:00;3.5
16/02/2013 12:00;3.7
16/02/2013 13:00;3.9
16/02/2013 14:00;3.9
16/02/2013 15:00;3.9
16/02/2013 16:00;3.5
16/02/2013 17:00;3.1
16/02/2013 18:00;2.9
16/02/2013 19:00;2.7
16/02/2013 20:00;2.7
16/02/2013 21:00;2.6
16/02/2013 22:00;2.6
16/02/2013 23:00;2.5
17/02/2013 00:00;2.5
17/02/2013 01:00;2.5
17/02/2013 02:00;2.6
17/02/2013 03:00;2.7
17/02/2013 04:00;2.8
17/02/2013 05:00;2.8
17/02/2013 06:00;2.9
17/02/2013 00:07;
17/02/2013 00:08;
17/02/2013 09:00;3.1
17/02/2013 10:00;3.2
17/02/2013 11:00;3.3
17/02/2013 12:00;3.3
17/02/2013 13:00;3.7
17/02/2013 14:00;3.4
17/02/2013 15:00;3.1
17/02/2013 16:00;2.9
17/02/2013 17:00;2.9
17/02/2013 18:00;2.8
17/02/2013 19:00;2.7
17/02/2013 20:00;2.4
17/02/2013 21:00;2.2
17/02/2013 22:00;1.8
17/02/2013 23:00;1.8
18/02/2013 00:00;1.8
18/02/2013 01:00;1.9
18/02/2013 00:02;
18/02/2013 03:00;2.1
18/02/2013 04:00;2.2
18/02/2013 05:00;2.3
18/02/2013 06:00;2.3
18/02/2013 07:00;2.4
18/02/2013 08:00;2.5
18/02/2013 09:00;2.6
18/02/2013 10:00;2.7
18/02/2013 11:00;2.8
18/02/2013 12:00;2.9
18/02/2013 00:13;
18/02/2013 14:00;3.1
18/02/2013 00:15;
18/02/2013 16:00;2.8
18/02/2013 17:00;2.5
18/02/2013 18:00;2.3
18/02/2013 19:00;2.2
18/02/2013 20:00;2.1
18/02/2013 00:21;
18/02/2013 00:22;
18/02/2013 00:23;
19/02/2013 00:00;1.9
19/02/2013 01:00;1.8
19/02/2013 02:00;1.6
19/02/2013 03:00;1.7
19/02/2013 04:00;1.9
19/02/2013 05:00;1.9
19/02/2013 06:00;1.9
19/02/2013 07:00;1.8
19/02/2013 08:00;1.9
19/02/2013 09:00;2.4
19/02/2013 10:00;2.9
19/02/2013 00:11;
19/02/2013 12:00;2.6
19/02/2013 13:00;2.3
19/02/2013 14:00;2.2
19/02/2013 15:00;1.5
19/02/2013 16:00;1.6
19/02/2013 17:00;1.5
19/02/2013 18:00;1.6
19/02/2013 19:00;1.9
19/02/2013 20:00;2.3
19/02/2013 21:00;2.4
19/02/2013 22:00;1.6
19/02/2013 23:00;1.9
20/02/2013 00:00;1.9
20/02/2013 01:00;1.5
20/02/2013 02:00;1.3
20/02/2013 00:03;
20/02/2013 04:00;0.9
20/02/2013 05:00;0.8
20/02/2013 06:00;0.8
20/02/2013 07:00;0.6
20/02/2013 08:00;0.8
20/02/2013 09:00;0.9
20/02/2013 10:00;0.9
20/02/2013 11:00;1.5
20/02/2013 12:00;1.5
20/02/2013 00:13;
20/02/2013 14:00;1.3
20/02/2013 15:00;1.3
20/02/2013 16:00;1.3
20/02/2013 17:00;0.9
20/02/2013 18:00;0.6
20/02/2013 19:00;0.2
20/02/2013 00:20;
20/02/2013 21:00;-0.4
20/02/2013 22:00;-0.8
20/02/2013 23:00;-1.1
21/02/2013 00:00;-1.5
21/02/2013 01:00;-1.8
21/02/2013 02:00;-2
21/02/2013 03:00;-2
21/02/2013 04:00;-2
21/02/2013 05:00;-2
21/02/2013 06:00;-2.1
21/02/2013 07:00;-2.1
21/02/2013 08:00;-2.1
21/02/2013 09:00;-1.9
21/02/2013 10:00;-1.6
21/02/2013 11:00;-1.3
21/02/2013 12:00;-0.6
21/02/2013 13:00;-0.7
21/02/2013 14:00;-0.9
21/02/2013 15:00;-1.1
21/02/2013 16:00;-1.1
21/02/2013 17:00;-1.4
21/02/2013 18:00;-1.5
21/02/2013 19:00;-1.8
21/02/2013 20:00;-2.3
21/02/2013 21:00;-2.7
21/02/2013 22:00;-2.9
21/02/2013 23:00;-3.2
22/02/2013 00:00;-4
22/02/2013 01:00;-4.7
22/02/2013 02:00;-4.9
22/02/2013 03:00;-5.1
22/02/2013 04:00;-5.3
22/02/2013 05:00;-5.4
22/02/2013 06:00;-5.3
22/02/2013 07:00;-5.3
22/02/2013 08:00;-4.9
22/02/2013 09:00;-4.3
22/02/2013 10:00;-4
22/02/2013 11:00;-3.4
22/02/2013 12:00;-3.2
22/02/2013 13:00;-2.8
22/02/2013 14:00;-2.5
22/02/2013 15:00;-2.4
22/02/2013 16:00;-2.4
22/02/2013 17:00;-2.5
22/02/2013 18:00;-2.6
22/02/2013 19:00;-2.5
22/02/2013 20:00;-2.4
22/02/2013 21:00;-2.1
22/02/2013 22:00;-2
22/02/2013 23:00;-2.1
23/02/2013 00:00;-2.1
23/02/2013 01:00;-1.9
23/02/2013 02:00;-1.8
23/02/2013 03:00;-1.9
23/02/2013 04:00;-1.9
23/02/2013 05:00;-1.7
23/02/2013 06:00;-1.4
23/02/2013 07:00;-1
23/02/2013 08:00;-0.6
23/02/2013 09:00;-0.3
23/02/2013 10:00;-0.7
23/02/2013 11:00;-0.6
23/02/2013 12:00;-0.4
23/02/2013 13:00;-0.3
23/02/2013 14:00;-0.1
23/02/2013 15:00;0.1
23/02/2013 16:00;0.3
23/02/2013 17:00;0.2
23/02/2013 00:18;
23/02/2013 19:00;-0.1
23/02/2013 20:00;-0.1
23/02/2013 00:21;
23/02/2013 22:00;-0.6
23/02/2013 23:00;-1.6
24/02/2013 00:00;-1.4
24/02/2013 01:00;-0.8
24/02/2013 02:00;-0.1
24/02/2013 03:00;-0.4
24/02/2013 04:00;-0.8
24/02/2013 05:00;-0.4
24/02/2013 06:00;-0.6
24/02/2013 07:00;-0.9
24/02/2013 08:00;-0.7
24/02/2013 09:00;-0.2
24/02/2013 00:10;
24/02/2013 11:00;-0.1
24/02/2013 12:00;0.2
24/02/2013 13:00;0.1
24/02/2013 14:00;0.1
24/02/2013 15:00;0.3
24/02/2013 16:00;0.7
24/02/2013 00:17;
24/02/2013 18:00;0.7
24/02/2013 19:00;0.7
24/02/2013 20:00;1.2
24/02/2013 21:00;1.3
24/02/2013 22:00;1.3
24/02/2013 23:00;1.2
25/02/2013 00:00;1.4
25/02/2013 01:00;1.5
25/02/2013 02:00;1.2
25/02/2013 03:00;0.5
25/02/2013 04:00;0.5
25/02/2013 05:00;0.6
25/02/2013 06:00;0.9
25/02/2013 07:00;1.1
25/02/2013 00:08;
25/02/2013 09:00;0.7
25/02/2013 10:00;1.2
25/02/2013 00:11;
25/02/2013 12:00;2.1
25/02/2013 13:00;2.7
25/02/2013 14:00;2.6
25/02/2013 15:00;2.6
25/02/2013 16:00;1.9
25/02/2013 00:17;
25/02/2013 18:00;2.2
25/02/2013 19:00;2.5
25/02/2013 20:00;2.3
25/02/2013 21:00;2.4
25/02/2013 22:00;2.6
25/02/2013 23:00;2.6
26/02/2013 00:00;3.3
26/02/2013 01:00;3.2
26/02/2013 02:00;3.2
26/02/2013 03:00;3.3
26/02/2013 04:00;2.9
26/02/2013 05:00;2.7
26/02/2013 06:00;2.6
26/02/2013 07:00;2.8
26/02/2013 08:00;3.1
26/02/2013 09:00;3.3
26/02/2013 10:00;3.6
26/02/2013 11:00;3.7
26/02/2013 12:00;3.7
26/02/2013 13:00;3.7
26/02/2013 00:14;
26/02/2013 15:00;3.9
26/02/2013 16:00;4.1
26/02/2013 17:00;4.5
26/02/2013 00:18;
26/02/2013 19:00;3.6
26/02/2013 20:00;3.1
26/02/2013 21:00;2.7
26/02/2013 22:00;2.5
26/02/2013 23:00;2.3
27/02/2013 00:00;2.3
27/02/2013 01:00;2.5
27/02/2013 02:00;2.5
27/02/2013 03:00;2.6
27/02/2013 04:00;2.6
27/02/2013 05:00;2.6
27/02/2013 06:00;2.7
27/02/2013 00:07;
27/02/2013 00:08;
27/02/2013 00:09;
27/02/2013 10:00;3.2
27/02/2013 11:00;3.2
27/02/2013 12:00;3.4
27/02/2013 13:00;3.8
27/02/2013 14:00;3.9
27/02/2013 15:00;4.1
27/02/2013 00:16;
27/02/2013 00:17;
27/02/2013 18:00;4.1
27/02/2013 19:00;4.2
27/02/2013 20:00;4.3
27/02/2013 00:21;
27/02/2013 22:00;3.9
27/02/2013 23:00;3.9
28/02/2013 00:00;3.8
28/02/2013 01:00;3.7
28/02/2013 02:00;3.5
28/02/2013 03:00;3.3
28/02/2013 04:00;3.2
28/02/2013 05:00;3.1
28/02/2013 06:00;3.1
28/02/2013 07:00;3.1
28/02/2013 08:00;3.1
28/02/2013 09:00;3.4
28/02/2013 10:00;3.9
28/02/2013 00:11;
28/02/2013 12:00;6.9
28/02/2013 13:00;8.1
28/02/2013 14:00;8.3
28/02/2013 15:00;7.9
28/02/2013 16:00;7.4
28/02/2013 17:00;6.9
28/02/2013 18:00;6.7
28/02/2013 19:00;5.8
28/02/2013 20:00;5.1
28/02/2013 21:00;4.9
28/02/2013 22:00;4.8
28/02/2013 23:00;4.5
01/03/2013 00:00;4.5
01/03/2013 01:00;4.2
01/03/2013 02:00;3.9
01/03/2013 03:00;3.7
01/03/2013 04:00;3.4
01/03/2013 05:00;3.2
01/03/2013 06:00;3.2
01/03/2013 07:00;3.1
01/03/2013 00:08;
01/03/2013 00:09;
01/03/2013 10:00;3.2
01/03/2013 11:00;3.5
01/03/2013 12:00;3.6
01/03/2013 13:00;3.7
01/03/2013 00:14;
01/03/2013 15:00;3.8
01/03/2013 16:00;3.6
01/03/2013 17:00;3.4
01/03/2013 00:18;
01/03/2013 19:00;2.8
01/03/2013 00:20;
01/03/2013 00:21;
01/03/2013 22:00;3.1
01/03/2013 23:00;2.8
02/03/2013 00:00;2.6
02/03/2013 01:00;2.5
02/03/2013 02:00;2.4
02/03/2013 03:00;2.3
02/03/2013 04:00;2.1
02/03/2013 05:00;1.8
02/03/2013 06:00;1.6
02/03/2013 07:00;1.8
02/03/2013 08:00;2.3
02/03/2013 09:00;2.7
02/03/2013 10:00;3.4
02/03/2013 11:00;3.8
02/03/2013 12:00;4.6
02/03/2013 13:00;5.3
02/03/2013 14:00;5.9
02/03/2013 15:00;5.6
02/03/2013 16:00;5.2
02/03/2013 17:00;4.8
02/03/2013 18:00;4.7
02/03/2013 19:00;4.5
02/03/2013 20:00;3.2
02/03/2013 00:21;
02/03/2013 22:00;1.3
02/03/2013 00:23;
03/03/2013 00:00;0.5
03/03/2013 01:00;0.4
03/03/2013 02:00;0.6
03/03/2013 03:00;1.1
03/03/2013 04:00;1.2
03/03/2013 05:00;1.5
03/03/2013 06:00;1.8
03/03/2013 07:00;2.2
03/03/2013 08:00;2.8
03/03/2013 09:00;3.7
03/03/2013 10:00;4.4
03/03/2013 11:00;5.6
03/03/2013 12:00;6.2
03/03/2013 13:00;6.8
03/03/2013 00:14;
03/03/2013 15:00;6.4
03/03/2013 16:00;5.8
03/03/2013 17:00;5.2
03/03/2013 18:00;4.8
03/03/2013 00:19;
03/03/2013 20:00;3.5
03/03/2013 21:00;3.1
03/03/2013 22:00;2.9
03/03/2013 00:23;
04/03/2013 00:00;2.9
04/03/2013 01:00;2.7
04/03/2013 02:00;2.6
04/03/2013 03:00;2.5
04/03/2013 04:00;2.4
04/03/2013 05:00;2.1
04/03/2013 06:00;1.9
04/03/2013 07:00;2.3
04/03/2013 08:00;3.3
04/03/2013 09:00;3.6
04/03/2013 10:00;4.3
04/03/2013 11:00;5.1
04/03/2013 12:00;6.6
04/03/2013 13:00;7.2
04/03/2013 14:00;7.9
04/03/2013 15:00;7.4
04/03/2013 16:00;6.9
04/03/2013 17:00;6.4
04/03/2013 18:00;5.9
04/03/2013 00:19;
04/03/2013 20:00;4.5
04/03/2013 00:21;
04/03/2013 22:00;3.7
04/03/2013 23:00;3.6
05/03/2013 00:00;3.5
05/03/2013 01:00;3.3
05/03/2013 02:00;3.2
05/03/2013 03:00;3.1
05/03/2013 04:00;2.9
05/03/2013 05:00;2.5
05/03/2013 06:00;2.4
05/03/2013 07:00;2.9
05/03/2013 00:08;
05/03/2013 09:00;5.2
05/03/2013 00:10;
05/03/2013 11:00;7.9
05/03/2013 12:00;8.9
05/03/2013 13:00;9.8
05/03/2013 14:00;10.2
05/03/2013 15:00;9.8
05/03/2013 16:00;9.4
05/03/2013 00:17;
05/03/2013 18:00;8.3
05/03/2013 19:00;7.5
05/03/2013 00:20;
05/03/2013 21:00;7.1
05/03/2013 00:22;
05/03/2013 23:00;7.4
06/03/2013 00:00;6.9
06/03/2013 01:00;6.4
06/03/2013 02:00;7.5
06/03/2013 03:00;7.4
06/03/2013 04:00;6.8
06/03/2013 05:00;6.1
06/03/2013 06:00;5.5
06/03/2013 07:00;6.4
06/03/2013 08:00;8.2
06/03/2013 09:00;10.6
06/03/2013 10:00;13.1
06/03/2013 11:00;15.2
06/03/2013 12:00;14.6
06/03/2013 13:00;14.5
06/03/2013 14:00;15.3
06/03/2013 15:00;15.1
06/03/2013 16:00;14.6
06/03/2013 17:00;14.1
06/03/2013 18:00;13.2
06/03/2013 00:19;
06/03/2013 20:00;11.4
06/03/2013 21:00;11.2
06/03/2013 22:00;11.2
06/03/2013 23:00;11.4
07/03/2013 00:00;11.6
07/03/2013 00:01;
07/03/2013 02:00;11.1
07/03/2013 03:00;10.6
07/03/2013 04:00;10.4
07/03/2013 05:00;10.3
07/03/2013 06:00;10.2
07/03/2013 07:00;10.3
07/03/2013 08:00;10.9
07/03/2013 09:00;11.8
07/03/2013 10:00;13.6
07/03/2013 11:00;14.6
07/03/2013 00:12;
07/03/2013 13:00;16.4
07/03/2013 14:00;16.7
07/03/2013 15:00;16.6
07/03/2013 16:00;16.6
07/03/2013 17:00;16.5
07/03/2013 18:00;15.9
07/03/2013 19:00;14.8
07/03/2013 20:00;13.6
07/03/2013 21:00;12.3
07/03/2013 22:00;11.1
07/03/2013 23:00;10.4
08/03/2013 00:00;
08/03/2013 01:00;9.7
08/03/2013 02:00;9.6
08/03/2013 03:00;9.4
08/03/2013 04:00;8.9
08/03/2013 05:00;8.8
08/03/2013 00:06;
08/03/2013 07:00;9.3
08/03/2013 08:00;9.6
08/03/2013 00:09;
08/03/2013 10:00;10.1
08/03/2013 11:00;10.4
08/03/2013 12:00;10.9
08/03/2013 13:00;11.2
08/03/2013 00:14;
08/03/2013 15:00;12.9
08/03/2013 16:00;13.1
08/03/2013 17:00;12.6
08/03/2013 00:18;
08/03/2013 19:00;11.5
08/03/2013 20:00;11.2
08/03/2013 21:00;10.8
08/03/2013 22:00;10.5
08/03/2013 23:00;10.2
09/03/2013 00:00;9.3
09/03/2013 01:00;8.8
09/03/2013 02:00;8.4
09/03/2013 03:00;8.2
09/03/2013 04:00;7.3
09/03/2013 05:00;6.3
09/03/2013 06:00;6.5
09/03/2013 07:00;6.9
09/03/2013 08:00;7.2
09/03/2013 09:00;7.3
09/03/2013 10:00;7.7
09/03/2013 11:00;8.3
09/03/2013 12:00;8.5
09/03/2013 13:00;8.8
09/03/2013 14:00;9.4
09/03/2013 15:00;10.1
09/03/2013 16:00;10.3
09/03/2013 00:17;
09/03/2013 18:00;9.7
09/03/2013 19:00;9.7
09/03/2013 20:00;9.5
09/03/2013 21:00;8.9
09/03/2013 22:00;8.7
09/03/2013 00:23;
10/03/2013 00:00;9.4
10/03/2013 01:00;8.4
10/03/2013 02:00;7.9
10/03/2013 03:00;7.3
10/03/2013 04:00;6.9
10/03/2013 05:00;6.6
10/03/2013 06:00;6.2
10/03/2013 00:07;
10/03/2013 08:00;6.2
10/03/2013 09:00;7.2
10/03/2013 10:00;9.2
10/03/2013 11:00;9.9
10/03/2013 12:00;10.1
10/03/2013 13:00;11.6
10/03/2013 14:00;12.2
10/03/2013 15:00;11.9
10/03/2013 16:00;11.4
10/03/2013 00:17;
10/03/2013 18:00;10.5
10/03/2013 19:00;10.1
10/03/2013 20:00;9.2
10/03/2013 21:00;8.8
10/03/2013 00:22;
10/03/2013 23:00;7.3
11/03/2013 00:00;7.3
11/03/2013 01:00;7.8
11/03/2013 00:02;
11/03/2013 03:00;7.3
11/03/2013 04:00;7.2
11/03/2013 05:00;7.2
11/03/2013 06:00;7.3
11/03/2013 07:00;8.4
11/03/2013 08:00;8.8
11/03/2013 09:00;9.2
11/03/2013 10:00;9.3
11/03/2013 11:00;9.7
11/03/2013 12:00;10.9
11/03/2013 13:00;9.9
11/03/2013 14:00;9.7
11/03/2013 15:00;10.1
11/03/2013 16:00;9.2
11/03/2013 17:00;8.4
11/03/2013 00:18;
11/03/2013 19:00;6.2
11/03/2013 00:20;
11/03/2013 21:00;5.7
11/03/2013 22:00;4.7
11/03/2013 23:00;3.2
12/03/2013 00:00;2.3
12/03/2013 01:00;1.7
12/03/2013 02:00;1.3
12/03/2013 00:03;
12/03/2013 04:00;0.9
12/03/2013 05:00;0.8
12/03/2013 06:00;0.8
12/03/2013 07:00;0.8
12/03/2013 08:00;1.1
12/03/2013 09:00;1.3
12/03/2013 10:00;1.6
12/03/2013 11:00;2.6
12/03/2013 12:00;3.6
12/03/2013 13:00;4.6
12/03/2013 14:00;5.3
12/03/2013 15:00;5.9
12/03/2013 00:16;
12/03/2013 17:00;5.9
12/03/2013 18:00;5.7
12/03/2013 19:00;5.4
12/03/2013 20:00;4.7
12/03/2013 00:21;
12/03/2013 22:00;3.4
12/03/2013 23:00;3.2
13/03/2013 00:00;
13/03/2013 01:00;3.1
13/03/2013 02:00;3.4
13/03/2013 03:00;2.8
13/03/2013 00:04;
13/03/2013 00:05;
13/03/2013 00:06;
13/03/2013 07:00;3.1
13/03/2013 08:00;4.2
13/03/2013 09:00;5.3
13/03/2013 00:10;
13/03/2013 11:00;7.9
13/03/2013 12:00;8.2
13/03/2013 13:00;8.2
13/03/2013 14:00;8.1
13/03/2013 15:00;7.3
13/03/2013 16:00;6.2
13/03/2013 17:00;5.2
13/03/2013 18:00;4.4
13/03/2013 19:00;3.3
13/03/2013 20:00;1.9
13/03/2013 21:00;1.1
13/03/2013 22:00;0.2
13/03/2013 23:00;-0.1
14/03/2013 00:00;-0.8
14/03/2013 01:00;-0.8
14/03/2013 02:00;-1.1
14/03/2013 03:00;-1.3
14/03/2013 04:00;-1.3
14/03/2013 05:00;-1.6
14/03/2013 06:00;-1.8
14/03/2013 07:00;-2.3
14/03/2013 08:00;-2.6
14/03/2013 09:00;-2.7
14/03/2013 10:00;-2.6
14/03/2013 11:00;-2.5
14/03/2013 12:00;-2.5
14/03/2013 13:00;-2.3
14/03/2013 14:00;-2.2
14/03/2013 15:00;-1.7
14/03/2013 16:00;-1.6
14/03/2013 17:00;-1.9
14/03/2013 18:00;-1.7
14/03/2013 19:00;-1.1
14/03/2013 20:00;-0.9
14/03/2013 21:00;-1
14/03/2013 22:00;-1.3
14/03/2013 23:00;-1.8
15/03/2013 00:00;-2.2
15/03/2013 01:00;-2.4
15/03/2013 02:00;-2.5
15/03/2013 03:00;-2.6
15/03/2013 04:00;-2.7
15/03/2013 05:00;-2.9
15/03/2013 06:00;-2.9
15/03/2013 07:00;-2.8
15/03/2013 08:00;-2.2
15/03/2013 09:00;-1.4
15/03/2013 10:00;-0.3
15/03/2013 11:00;0.1
15/03/2013 12:00;0.4
15/03/2013 13:00;0.7
15/03/2013 14:00;0.6
15/03/2013 15:00;0.4
15/03/2013 16:00;0.5
15/03/2013 17:00;0.5
15/03/2013 18:00;0.2
15/03/2013 19:00;-0.3
15/03/2013 20:00;-0.7
15/03/2013 21:00;-1.2
15/03/2013 22:00;-1.6
15/03/2013 23:00;-1.9
16/03/2013 00:00;-2.2
16/03/2013 01:00;-2.5
16/03/2013 02:00;-2.8
16/03/2013 03:00;-3.1
16/03/2013 04:00;-3.1
16/03/2013 05:00;-3.2
16/03/2013 06:00;-3.3
16/03/2013 07:00;-2.7
16/03/2013 08:00;-1.8
16/03/2013 09:00;-1
16/03/2013 10:00;-0.2
16/03/2013 11:00;0.2
16/03/2013 12:00;0.7
16/03/2013 13:00;1.1
16/03/2013 14:00;1.4
16/03/2013 15:00;2.5
16/03/2013 16:00;2.6
16/03/2013 17:00;2.1
16/03/2013 18:00;1.3
16/03/2013 19:00;0.8
16/03/2013 00:20;
16/03/2013 21:00;-0.3
16/03/2013 22:00;-1.1
16/03/2013 23:00;-1.5
17/03/2013 00:00;-1.7
17/03/2013 01:00;-1.8
17/03/2013 02:00;-2.2
17/03/2013 03:00;-2.6
17/03/2013 04:00;-2.9
17/03/2013 05:00;-3.3
17/03/2013 06:00;-3.2
17/03/2013 07:00;-2.2
17/03/2013 08:00;-1
17/03/2013 09:00;0.1
17/03/2013 10:00;1.2
17/03/2013 11:00;2.1
17/03/2013 00:12;
17/03/2013 13:00;3.4
17/03/2013 14:00;3.9
17/03/2013 15:00;3.9
17/03/2013 16:00;3.3
17/03/2013 17:00;2.5
17/03/2013 18:00;1.9
17/03/2013 19:00;1.3
17/03/2013 20:00;0.9
17/03/2013 21:00;0.8
17/03/2013 22:00;0.7
17/03/2013 23:00;0.7
18/03/2013 00:00;0.6
18/03/2013 01:00;0.9
18/03/2013 00:02;
18/03/2013 03:00;0.8
18/03/2013 04:00;0.6
18/03/2013 05:00;0.2
18/03/2013 06:00;0.6
18/03/2013 07:00;1.8
18/03/2013 08:00;2.7
18/03/2013 09:00;2.6
18/03/2013 10:00;1.5
18/03/2013 11:00;0.5
18/03/2013 12:00;0.4
18/03/2013 13:00;0.5
18/03/2013 14:00;0.4
18/03/2013 15:00;0.4
18/03/2013 16:00;0.6
18/03/2013 00:17;
18/03/2013 18:00;1.1
18/03/2013 19:00;1.5
18/03/2013 20:00;1.6
18/03/2013 21:00;2.2
18/03/2013 22:00;2.6
18/03/2013 23:00;2.9
19/03/2013 00:00;
19/03/2013 01:00;3.1
19/03/2013 02:00;3.6
19/03/2013 03:00;4.1
19/03/2013 04:00;3.2
19/03/2013 05:00;3.2
19/03/2013 06:00;3.8
19/03/2013 07:00;4.2
19/03/2013 08:00;4.5
19/03/2013 09:00;5.2
19/03/2013 10:00;5.8
19/03/2013 11:00;6.8
19/03/2013 12:00;8.1
19/03/2013 13:00;8.4
19/03/2013 14:00;8.7
19/03/2013 15:00;8.1
19/03/2013 16:00;6.7
19/03/2013 17:00;6.9
19/03/2013 00:18;
19/03/2013 19:00;5.6
19/03/2013 20:00;5.6
19/03/2013 21:00;5.2
19/03/2013 22:00;4.7
19/03/2013 23:00;4.2
20/03/2013 00:00;3.4
20/03/2013 01:00;3.1
20/03/2013 02:00;2.4
20/03/2013 03:00;1.7
20/03/2013 04:00;1.2
20/03/2013 05:00;1.1
20/03/2013 06:00;1.1
20/03/2013 07:00;3.3
20/03/2013 08:00;6.3
20/03/2013 09:00;7.6
20/03/2013 10:00;10.1
20/03/2013 11:00;11.3
20/03/2013 12:00;11.8
20/03/2013 13:00;12.3
20/03/2013 14:00;13.1
20/03/2013 15:00;13.4
20/03/2013 16:00;13.3
20/03/2013 17:00;12.1
20/03/2013 18:00;11.3
20/03/2013 19:00;10.3
20/03/2013 20:00;9.6
20/03/2013 21:00;9.2
20/03/2013 22:00;8.9
20/03/2013 23:00;8.6
21/03/2013 00:00;7.7
21/03/2013 01:00;7.2
21/03/2013 02:00;6.4
21/03/2013 03:00;6.1
21/03/2013 04:00;6.2
21/03/2013 05:00;6.3
21/03/2013 06:00;6.2
21/03/2013 07:00;6.4
21/03/2013 08:00;6.9
21/03/2013 09:00;7.7
21/03/2013 00:10;
21/03/2013 00:11;
21/03/2013 12:00;6.2
21/03/2013 13:00;6.7
21/03/2013 14:00;6.7
21/03/2013 15:00;6.1
21/03/2013 16:00;6.3
21/03/2013 17:00;5.6
21/03/2013 18:00;4.7
21/03/2013 00:19;
21/03/2013 20:00;3.4
21/03/2013 21:00;3.3
21/03/2013 22:00;3.2
21/03/2013 23:00;2.8
22/03/2013 00:00;2.1
22/03/2013 01:00;1.3
22/03/2013 02:00;0.6
22/03/2013 03:00;0.4
22/03/2013 04:00;0.2
22/03/2013 05:00;0.1
22/03/2013 00:06;
22/03/2013 07:00;0.3
22/03/2013 08:00;0.7
22/03/2013 00:09;
22/03/2013 10:00;1.9
22/03/2013 00:11;
22/03/2013 12:00;2.1
22/03/2013 13:00;2.8
22/03/2013 00:14;
22/03/2013 15:00;2.9
22/03/2013 16:00;2.7
22/03/2013 17:00;2.1
22/03/2013 18:00;1.7
22/03/2013 19:00;1.3
22/03/2013 20:00;0.9
22/03/2013 21:00;0.6
22/03/2013 22:00;0.2
22/03/2013 23:00;-0.1
23/03/2013 00:00;-0.2
23/03/2013 01:00;-0.7
23/03/2013 02:00;-1.3
23/03/2013 03:00;-1.8
23/03/2013 04:00;-2.1
23/03/2013 05:00;-2.4
23/03/2013 06:00;-2.7
23/03/2013 07:00;-3.2
23/03/2013 08:00;-3.3
23/03/2013 09:00;-3
23/03/2013 10:00;-2.4
23/03/2013 11:00;-1
23/03/2013 12:00;0.2
23/03/2013 13:00;1.1
23/03/2013 14:00;1.8
23/03/2013 15:00;2.2
23/03/2013 16:00;2.2
23/03/2013 17:00;1.5
23/03/2013 18:00;0.3
23/03/2013 19:00;-0.7
23/03/2013 20:00;-1.6
23/03/2013 21:00;-2
23/03/2013 22:00;-2.5
23/03/2013 23:00;-3.1
24/03/2013 00:00;-3.8
24/03/2013 01:00;-4.4
24/03/2013 02:00;-5.1
24/03/2013 03:00;-5.6
24/03/2013 04:00;-6
24/03/2013 05:00;-6.3
24/03/2013 06:00;-6.4
24/03/2013 07:00;-6.5
24/03/2013 08:00;-6.1
24/03/2013 09:00;-5.9
24/03/2013 10:00;-5.6
24/03/2013 11:00;-4.8
24/03/2013 12:00;-3.6
24/03/2013 13:00;-3.1
24/03/2013 14:00;-2.7
24/03/2013 15:00;-2.3
24/03/2013 16:00;-2.2
24/03/2013 17:00;-2.3
24/03/2013 18:00;-2.3
24/03/2013 19:00;-2.2
24/03/2013 20:00;-2
24/03/2013 21:00;-2.4
24/03/2013 22:00;-3.2
24/03/2013 23:00;-3.6
25/03/2013 00:00;-3.6
25/03/2013 01:00;-3.4
25/03/2013 02:00;-3.4
25/03/2013 03:00;-3.6
25/03/2013 04:00;-3.8
25/03/2013 05:00;-3.8
25/03/2013 06:00;-3.7
25/03/2013 07:00;-3.5
25/03/2013 08:00;-3.4
25/03/2013 09:00;-3.5
25/03/2013 10:00;-3
25/03/2013 11:00;-2.8
25/03/2013 12:00;-2.5
25/03/2013 13:00;-2.3
25/03/2013 14:00;-2.1
25/03/2013 15:00;-2.1
25/03/2013 16:00;-1.9
25/03/2013 17:00;-1.7
25/03/2013 18:00;-1.8
25/03/2013 19:00;-2.4
25/03/2013 20:00;-3.3
25/03/2013 21:00;-3.6
25/03/2013 22:00;-3.7
25/03/2013 23:00;-3.7
26/03/2013 00:00;-3.7
26/03/2013 01:00;-3.8
26/03/2013 02:00;-3.9
26/03/2013 03:00;-4
26/03/2013 04:00;-4.2
26/03/2013 05:00;-4.4
26/03/2013 06:00;-4.6
26/03/2013 07:00;-4.6
26/03/2013 08:00;-4.3
26/03/2013 09:00;-4
26/03/2013 10:00;-3.9
26/03/2013 11:00;-3.4
26/03/2013 12:00;-2.9
26/03/2013 13:00;-2.6
26/03/2013 14:00;-2.2
26/03/2013 15:00;-2
26/03/2013 16:00;-2.1
26/03/2013 17:00;-2.2
26/03/2013 18:00;-2.2
26/03/2013 19:00;-2.6
26/03/2013 20:00;-2.8
26/03/2013 21:00;-3
26/03/2013 22:00;-3.3
26/03/2013 23:00;-3.5
27/03/2013 00:00;-3.6
27/03/2013 01:00;-3.6
27/03/2013 02:00;-3.5
27/03/2013 03:00;-3.5
27/03/2013 04:00;-3.8
27/03/2013 05:00;-3.8
27/03/2013 06:00;-3.8
27/03/2013 07:00;-3.5
27/03/2013 08:00;-3.1
27/03/2013 09:00;-2.6
27/03/2013 10:00;-2
27/03/2013 11:00;-1.1
27/03/2013 12:00;-0.4
27/03/2013 13:00;0.6
27/03/2013 14:00;0.4
27/03/2013 15:00;0.3
27/03/2013 16:00;0.2
27/03/2013 00:17;
27/03/2013 18:00;-0.1
27/03/2013 19:00;-0.1
27/03/2013 20:00;-0.2
27/03/2013 21:00;-0.4
27/03/2013 22:00;-0.6
27/03/2013 23:00;-0.8
28/03/2013 00:00;-0.9
28/03/2013 01:00;-1.2
28/03/2013 02:00;-1.4
28/03/2013 03:00;-1.6
28/03/2013 04:00;-2
28/03/2013 05:00;-2.4
28/03/2013 06:00;-2.4
28/03/2013 07:00;-1.6
28/03/2013 08:00;-0.4
28/03/2013 09:00;0.7
28/03/2013 10:00;1.5
28/03/2013 11:00;2.5
28/03/2013 12:00;3.1
28/03/2013 13:00;3.9
28/03/2013 14:00;3.7
28/03/2013 15:00;3.9
28/03/2013 16:00;3.7
28/03/2013 17:00;3.5
28/03/2013 18:00;2.1
28/03/2013 19:00;1.6
28/03/2013 20:00;1.4
28/03/2013 21:00;1.2
28/03/2013 22:00;1.1
28/03/2013 23:00;0.9
29/03/2013 00:00;0.7
29/03/2013 01:00;1.1
29/03/2013 00:02;
29/03/2013 03:00;2.3
29/03/2013 04:00;2.7
29/03/2013 05:00;2.4
29/03/2013 00:06;
29/03/2013 07:00;1.9
29/03/2013 08:00;2.2
29/03/2013 09:00;2.9
29/03/2013 00:10;
29/03/2013 00:11;
29/03/2013 00:12;
29/03/2013 13:00;5.5
29/03/2013 14:00;7.3
29/03/2013 15:00;8.1
29/03/2013 00:16;
29/03/2013 17:00;4.9
29/03/2013 00:18;
29/03/2013 19:00;3.7
29/03/2013 20:00;3.7
29/03/2013 21:00;3.9
29/03/2013 22:00;3.8
29/03/2013 23:00;3.8
30/03/2013 00:00;3.8
30/03/2013 01:00;3.8
30/03/2013 02:00;3.7
30/03/2013 03:00;3.1
30/03/2013 04:00;2.6
30/03/2013 05:00;2.4
30/03/2013 06:00;2.4
30/03/2013 07:00;2.4
30/03/2013 08:00;2.7
30/03/2013 09:00;2.6
30/03/2013 10:00;2.5
30/03/2013 11:00;2.9
30/03/2013 12:00;3.2
30/03/2013 13:00;3.5
30/03/2013 14:00;3.8
30/03/2013 15:00;4.3
30/03/2013 16:00;4.5
30/03/2013 17:00;4.6
30/03/2013 18:00;4.5
30/03/2013 19:00;4.4
30/03/2013 20:00;4.2
30/03/2013 21:00;3.6
30/03/2013 22:00;3.2
30/03/2013 23:00;2.9
31/03/2013 00:00;2.4
31/03/2013 01:00;1.9
31/03/2013 02:00;1.4
31/03/2013 03:00;1.2
31/03/2013 04:00;0.9
31/03/2013 00:05;
31/03/2013 00:06;
31/03/2013 07:00;0.8
31/03/2013 08:00;1.2
31/03/2013 09:00;1.4
31/03/2013 10:00;1.6
31/03/2013 11:00;1.8
31/03/2013 12:00;1.7
31/03/2013 13:00;1.5
31/03/2013 14:00;1.2
31/03/2013 15:00;1.1
31/03/2013 16:00;0.9
31/03/2013 17:00;0.6
31/03/2013 18:00;0.7
31/03/2013 19:00;0.5
31/03/2013 20:00;0.4
31/03/2013 21:00;0.7
31/03/2013 22:00;0.8
31/03/2013 23:00;0.8
01/04/2013 00:00;0.6
01/04/2013 01:00;0.3
01/04/2013 02:00;0.1
01/04/2013 00:03;
01/04/2013 04:00;0.1
01/04/2013 05:00;0.2
01/04/2013 06:00;0.1
01/04/2013 07:00;0.5
01/04/2013 08:00;1.2
01/04/2013 09:00;1.7
01/04/2013 10:00;2.5
01/04/2013 11:00;3.3
01/04/2013 12:00;3.7
01/04/2013 13:00;3.9
01/04/2013 14:00;3.8
01/04/2013 15:00;3.6
01/04/2013 16:00;3.5
01/04/2013 17:00;2.9
01/04/2013 18:00;2.7
01/04/2013 19:00;2.7
01/04/2013 20:00;2.7
01/04/2013 21:00;2.6
01/04/2013 22:00;2.5
01/04/2013 23:00;2.2
02/04/2013 00:00;2.2
02/04/2013 01:00;2.3
02/04/2013 02:00;2.3
02/04/2013 03:00;2.3
02/04/2013 00:04;
02/04/2013 05:00;1.7
02/04/2013 06:00;1.7
02/04/2013 07:00;1.6
02/04/2013 08:00;1.9
02/04/2013 09:00;2.1
02/04/2013 10:00;2.9
02/04/2013 11:00;2.8
02/04/2013 12:00;3.2
02/04/2013 13:00;3.4
02/04/2013 14:00;3.5
02/04/2013 15:00;3.5
02/04/2013 16:00;3.4
02/04/2013 17:00;3.4
02/04/2013 18:00;2.4
02/04/2013 19:00;2.1
02/04/2013 20:00;2.3
02/04/2013 21:00;2.4
02/04/2013 22:00;2.3
02/04/2013 23:00;1.6
03/04/2013 00:00;0.8
03/04/2013 01:00;0.2
03/04/2013 00:02;
03/04/2013 03:00;-0.1
03/04/2013 04:00;-0.1
03/04/2013 05:00;-0.2
03/04/2013 06:00;-0.3
03/04/2013 07:00;-0.3
03/04/2013 08:00;-0.3
03/04/2013 09:00;-0.2
03/04/2013 10:00;-0.1
03/04/2013 11:00;0.1
03/04/2013 12:00;0.3
03/04/2013 13:00;0.9
03/04/2013 14:00;1.3
03/04/2013 15:00;1.4
03/04/2013 16:00;1.3
03/04/2013 17:00;1.3
03/04/2013 18:00;1.1
03/04/2013 19:00;0.9
03/04/2013 00:20;
03/04/2013 21:00;1.3
03/04/2013 22:00;1.4
03/04/2013 23:00;1.3
04/04/2013 00:00;1.2
04/04/2013 01:00;1.1
04/04/2013 00:02;
04/04/2013 00:03;
04/04/2013 00:04;
04/04/2013 00:05;
04/04/2013 00:06;
04/04/2013 07:00;1.2
04/04/2013 08:00;1.6
04/04/2013 09:00;2.1
04/04/2013 00:10;
04/04/2013 11:00;3.8
04/04/2013 12:00;4.3
04/04/2013 13:00;5.5
04/04/2013 14:00;6.4
04/04/2013 15:00;6.7
04/04/2013 16:00;6.7
04/04/2013 17:00;6.2
04/04/2013 18:00;5.4
04/04/2013 19:00;5.1
04/04/2013 20:00;4.9
04/04/2013 21:00;4.8
04/04/2013 22:00;4.3
04/04/2013 23:00;3.7
05/04/2013 00:00;3.2
05/04/2013 01:00;2.7
05/04/2013 02:00;2.5
05/04/2013 03:00;2.4
05/04/2013 04:00;2.9
05/04/2013 05:00;3.6
05/04/2013 06:00;3.7
05/04/2013 00:07;
05/04/2013 08:00;4.6
05/04/2013 00:09;
05/04/2013 10:00;5.8
05/04/2013 11:00;6.3
05/04/2013 12:00;6.9
05/04/2013 13:00;7.5
05/04/2013 14:00;7.8
05/04/2013 15:00;7.6
05/04/2013 16:00;7.3
05/04/2013 17:00;6.9
05/04/2013 18:00;5.5
05/04/2013 19:00;4.4
05/04/2013 20:00;3.6
05/04/2013 21:00;3.3
05/04/2013 22:00;3.1
05/04/2013 23:00;3.2
06/04/2013 00:00;3.2
06/04/2013 01:00;3.4
06/04/2013 02:00;3.2
06/04/2013 03:00;3.1
06/04/2013 00:04;
06/04/2013 05:00;3.2
06/04/2013 06:00;3.4
06/04/2013 07:00;3.5
06/04/2013 08:00;3.7
06/04/2013 09:00;3.8
06/04/2013 10:00;4.2
06/04/2013 11:00;4.9
06/04/2013 12:00;5.4
06/04/2013 13:00;5.6
06/04/2013 14:00;5.8
06/04/2013 15:00;5.9
06/04/2013 16:00;5.9
06/04/2013 17:00;5.7
06/04/2013 18:00;5.4
06/04/2013 19:00;5.2
06/04/2013 20:00;4.9
06/04/2013 21:00;4.7
06/04/2013 22:00;4.5
06/04/2013 23:00;4.4
07/04/2013 00:00;4.2
07/04/2013 01:00;4.1
07/04/2013 02:00;3.9
07/04/2013 03:00;3.7
07/04/2013 04:00;3.6
07/04/2013 05:00;3.3
07/04/2013 06:00;3.1
07/04/2013 07:00;3.1
07/04/2013 08:00;3.1
07/04/2013 09:00;3.1
07/04/2013 10:00;3.1
07/04/2013 11:00;3.2
07/04/2013 12:00;3.5
07/04/2013 13:00;3.8
07/04/2013 00:14;
07/04/2013 15:00;4.1
07/04/2013 16:00;4.4
07/04/2013 17:00;4.4
07/04/2013 18:00;4.4
07/04/2013 19:00;4.2
07/04/2013 00:20;
07/04/2013 21:00;3.8
07/04/2013 22:00;3.7
07/04/2013 23:00;3.6
08/04/2013 00:00;3.4
08/04/2013 01:00;2.8
08/04/2013 02:00;2.5
08/04/2013 03:00;2.2
08/04/2013 04:00;1.9
08/04/2013 05:00;1.8
08/04/2013 06:00;2.6
08/04/2013 07:00;2.9
08/04/2013 08:00;3.4
08/04/2013 09:00;4.2
08/04/2013 10:00;5.3
08/04/2013 11:00;6.3
08/04/2013 00:12;
08/04/2013 13:00;8.9
08/04/2013 14:00;9.3
08/04/2013 15:00;9.4
08/04/2013 16:00;9.2
08/04/2013 00:17;
08/04/2013 18:00;8.3
08/04/2013 19:00;7.6
08/04/2013 20:00;7.2
08/04/2013 00:21;
08/04/2013 22:00;6.4
08/04/2013 23:00;5.9
09/04/2013 00:00;5.7
09/04/2013 01:00;5.1
09/04/2013 02:00;4.8
09/04/2013 03:00;4.6
09/04/2013 04:00;4.2
09/04/2013 05:00;3.6
09/04/2013 06:00;3.9
09/04/2013 07:00;5.4
09/04/2013 08:00;7.6
09/04/2013 00:09;
09/04/2013 10:00;10.4
09/04/2013 11:00;11.7
09/04/2013 12:00;12.1
09/04/2013 00:13;
09/04/2013 00:14;
09/04/2013 15:00;13.9
09/04/2013 00:16;
09/04/2013 17:00;13.6
09/04/2013 18:00;12.3
09/04/2013 19:00;11.5
09/04/2013 20:00;10.9
09/04/2013 21:00;10.3
09/04/2013 22:00;10.1
09/04/2013 23:00;9.9
10/04/2013 00:00;9.5
10/04/2013 01:00;9.1
10/04/2013 02:00;8.6
10/04/2013 03:00;8.3
10/04/2013 04:00;7.5
10/04/2013 05:00;7.5
10/04/2013 06:00;7.9
10/04/2013 00:07;
10/04/2013 08:00;8.6
10/04/2013 09:00;8.9
10/04/2013 10:00;10.9
10/04/2013 11:00;11.8
10/04/2013 00:12;
10/04/2013 13:00;12.7
10/04/2013 14:00;13.7
10/04/2013 15:00;13.7
10/04/2013 16:00;13.6
10/04/2013 17:00;13.8
10/04/2013 00:18;
10/04/2013 19:00;12.1
10/04/2013 20:00;11.6
10/04/2013 21:00;11.2
10/04/2013 22:00;10.1
10/04/2013 23:00;8.6
11/04/2013 00:00;7.2
11/04/2013 01:00;6.4
11/04/2013 02:00;5.7
11/04/2013 03:00;5.2
11/04/2013 04:00;4.8
11/04/2013 05:00;5.6
11/04/2013 06:00;7.1
11/04/2013 07:00;7.8
11/04/2013 00:08;
11/04/2013 09:00;13.1
11/04/2013 10:00;15.6
11/04/2013 11:00;17.3
11/04/2013 12:00;18.1
11/04/2013 13:00;18.3
11/04/2013 00:14;
11/04/2013 15:00;17.4
11/04/2013 16:00;17.3
11/04/2013 17:00;18.1
11/04/2013 18:00;17.4
11/04/2013 00:19;
11/04/2013 20:00;15.3
11/04/2013 21:00;14.9
11/04/2013 00:22;
11/04/2013 23:00;13.4
12/04/2013 00:00;12.7
12/04/2013 00:01;
12/04/2013 00:02;
12/04/2013 03:00;10.5
12/04/2013 04:00;9.8
12/04/2013 05:00;9.8
12/04/2013 06:00;10.5
12/04/2013 00:07;
12/04/2013 08:00;12.3
12/04/2013 09:00;14.1
12/04/2013 00:10;
12/04/2013 11:00;15.1
12/04/2013 12:00;15.4
12/04/2013 13:00;15.5
12/04/2013 00:14;
12/04/2013 15:00;14.7
12/04/2013 16:00;13.6
12/04/2013 00:17;
12/04/2013 00:18;
12/04/2013 19:00;10.9
12/04/2013 20:00;10.4
12/04/2013 21:00;9.9
12/04/2013 22:00;9.2
12/04/2013 23:00;8.6
13/04/2013 00:00;8.3
13/04/2013 01:00;8.6
13/04/2013 02:00;9.7
13/04/2013 03:00;11.2
13/04/2013 04:00;10.9
13/04/2013 05:00;10.7
13/04/2013 06:00;10.8
13/04/2013 07:00;11.4
13/04/2013 08:00;11.6
13/04/2013 09:00;12.4
13/04/2013 10:00;14.2
13/04/2013 11:00;15.1
13/04/2013 12:00;14.9
13/04/2013 13:00;15.7
13/04/2013 00:14;
13/04/2013 15:00;16.2
13/04/2013 16:00;16.5
13/04/2013 00:17;
13/04/2013 18:00;15.6
13/04/2013 19:00;14.8
13/04/2013 20:00;14.1
13/04/2013 21:00;13.6
13/04/2013 22:00;12.9
13/04/2013 23:00;12.1
14/04/2013 00:00;11.5
14/04/2013 01:00;11.5
14/04/2013 02:00;11.5
14/04/2013 03:00;11.2
14/04/2013 00:04;
14/04/2013 05:00;10.7
14/04/2013 06:00;10.9
14/04/2013 07:00;12.5
14/04/2013 08:00;13.6
14/04/2013 09:00;14.6
14/04/2013 10:00;15.4
14/04/2013 11:00;16.1
14/04/2013 12:00;16.8
14/04/2013 13:00;17.3
14/04/2013 14:00;17.7
14/04/2013 15:00;17.6
14/04/2013 16:00;18.1
14/04/2013 17:00;18.1
14/04/2013 18:00;17.2
14/04/2013 19:00;16.3
14/04/2013 20:00;15.5
14/04/2013 21:00;14.4
14/04/2013 22:00;12.8
14/04/2013 23:00;11.6
15/04/2013 00:00;10.5
15/04/2013 01:00;9.7
15/04/2013 02:00;9.8
15/04/2013 03:00;8.2
15/04/2013 04:00;7.7
15/04/2013 05:00;8.7
15/04/2013 06:00;12.1
15/04/2013 07:00;11.2
15/04/2013 08:00;12.7
15/04/2013 09:00;14.7
15/04/2013 10:00;15.5
15/04/2013 11:00;16.5
15/04/2013 12:00;17.5
15/04/2013 13:00;18.4
15/04/2013 00:14;
15/04/2013 15:00;18.8
15/04/2013 16:00;18.8
15/04/2013 17:00;18.3
15/04/2013 18:00;17.1
15/04/2013 19:00;15.7
15/04/2013 20:00;14.9
15/04/2013 00:21;
15/04/2013 22:00;12.6
15/04/2013 23:00;12.1
16/04/2013 00:00;
16/04/2013 01:00;11.5
16/04/2013 02:00;10.9
16/04/2013 03:00;10.8
16/04/2013 04:00;10.3
16/04/2013 00:05;
16/04/2013 06:00;11.3
16/04/2013 07:00;12.6
16/04/2013 08:00;14.1
16/04/2013 09:00;15.9
16/04/2013 10:00;16.7
16/04/2013 11:00;17.6
16/04/2013 12:00;18.6
16/04/2013 13:00;19.1
16/04/2013 14:00;19.7
16/04/2013 15:00;19.7
16/04/2013 16:00;19.7
16/04/2013 17:00;19.6
16/04/2013 18:00;18.2
16/04/2013 19:00;16.8
16/04/2013 20:00;15.7
16/04/2013 21:00;15.1
16/04/2013 22:00;14.6
16/04/2013 23:00;14.3
17/04/2013 00:00;13.7
17/04/2013 01:00;13.2
17/04/2013 02:00;13.2
17/04/2013 03:00;13.3
17/04/2013 00:04;
17/04/2013 05:00;12.9
17/04/2013 06:00;12.9
17/04/2013 07:00;13.1
17/04/2013 08:00;15.7
17/04/2013 09:00;17.2
17/04/2013 10:00;19.4
17/04/2013 11:00;21.3
17/04/2013 12:00;21.7
17/04/2013 13:00;19.4
17/04/2013 14:00;20.6
17/04/2013 15:00;22.1
17/04/2013 16:00;21.2
17/04/2013 17:00;21.6
17/04/2013 18:00;20.9
17/04/2013 19:00;19.4
17/04/2013 20:00;18.9
17/04/2013 21:00;18.3
17/04/2013 22:00;17.7
17/04/2013 23:00;16.5
18/04/2013 00:00;15.3
18/04/2013 01:00;14.4
18/04/2013 02:00;13.8
18/04/2013 03:00;13.3
18/04/2013 04:00;13.1
18/04/2013 05:00;12.9
18/04/2013 06:00;13.5
18/04/2013 07:00;14.5
18/04/2013 00:08;
18/04/2013 00:09;
18/04/2013 10:00;20.4
18/04/2013 11:00;21.8
18/04/2013 12:00;22.6
18/04/2013 13:00;24.3
18/04/2013 14:00;24.5
18/04/2013 15:00;24.6
18/04/2013 16:00;24.3
18/04/2013 00:17;
18/04/2013 18:00;22.8
18/04/2013 19:00;21.4
18/04/2013 20:00;20.3
18/04/2013 21:00;19.6
18/04/2013 22:00;18.8
18/04/2013 23:00;18.3
19/04/2013 00:00;17.8
19/04/2013 01:00;17.3
19/04/2013 02:00;16.7
19/04/2013 03:00;15.8
19/04/2013 04:00;16.3
19/04/2013 00:05;
19/04/2013 00:06;
19/04/2013 07:00;17.2
19/04/2013 08:00;16.8
19/04/2013 09:00;16.3
19/04/2013 10:00;15.4
19/04/2013 11:00;14.7
19/04/2013 12:00;14.4
19/04/2013 13:00;14.2
19/04/2013 00:14;
19/04/2013 15:00;14.3
19/04/2013 16:00;14.2
19/04/2013 00:17;
19/04/2013 18:00;13.3
19/04/2013 19:00;12.8
19/04/2013 20:00;13.1
19/04/2013 21:00;12.9
19/04/2013 22:00;12.6
19/04/2013 23:00;12.1
20/04/2013 00:00;11.7
20/04/2013 01:00;11.3
20/04/2013 02:00;10.8
20/04/2013 03:00;10.5
20/04/2013 04:00;10.4
20/04/2013 05:00;10.2
20/04/2013 06:00;10.3
20/04/2013 07:00;10.5
20/04/2013 08:00;10.8
20/04/2013 09:00;11.3
20/04/2013 10:00;11.9
20/04/2013 11:00;12.4
20/04/2013 12:00;13.2
20/04/2013 13:00;13.9
20/04/2013 14:00;14.8
20/04/2013 15:00;15.2
20/04/2013 00:16;
20/04/2013 17:00;14.2
20/04/2013 18:00;13.5
20/04/2013 19:00;12.9
20/04/2013 20:00;12.1
20/04/2013 21:00;11.5
20/04/2013 22:00;10.9
20/04/2013 23:00;10.2
21/04/2013 00:00;9.7
21/04/2013 01:00;9.4
21/04/2013 02:00;9.1
21/04/2013 03:00;8.9
21/04/2013 04:00;8.7
21/04/2013 05:00;8.5
21/04/2013 06:00;9.2
21/04/2013 00:07;
21/04/2013 08:00;10.7
21/04/2013 09:00;12.2
21/04/2013 10:00;14.8
21/04/2013 11:00;16.7
21/04/2013 12:00;18.4
21/04/2013 13:00;19.4
21/04/2013 14:00;20.6
21/04/2013 15:00;20.7
21/04/2013 00:16;
21/04/2013 17:00;21.3
21/04/2013 18:00;20.3
21/04/2013 00:19;
21/04/2013 20:00;18.3
21/04/2013 00:21;
21/04/2013 22:00;15.5
21/04/2013 23:00;14.9
22/04/2013 00:00;14.3
22/04/2013 01:00;13.5
22/04/2013 02:00;12.4
22/04/2013 03:00;11.7
22/04/2013 04:00;11.4
22/04/2013 05:00;12.2
22/04/2013 06:00;13.3
22/04/2013 07:00;14.3
22/04/2013 08:00;14.8
22/04/2013 09:00;16.7
22/04/2013 10:00;17.7
22/04/2013 11:00;19.2
22/04/2013 12:00;20.3
22/04/2013 13:00;21.2
22/04/2013 14:00;21.9
22/04/2013 15:00;22.2
22/04/2013 16:00;22.4
22/04/2013 17:00;22.1
22/04/2013 18:00;21.2
22/04/2013 19:00;18.2
22/04/2013 20:00;16.7
22/04/2013 21:00;15.5
22/04/2013 22:00;14.8
22/04/2013 23:00;14.7
23/04/2013 00:00;14.5
23/04/2013 01:00;14.3
23/04/2013 02:00;14.6
23/04/2013 03:00;14.4
23/04/2013 04:00;13.7
23/04/2013 05:00;13.5
23/04/2013 06:00;14.2
23/04/2013 07:00;15.2
23/04/2013 08:00;15.9
23/04/2013 09:00;17.1
23/04/2013 10:00;18.5
23/04/2013 11:00;19.2
23/04/2013 12:00;19.9
23/04/2013 13:00;20.4
23/04/2013 14:00;20.8
23/04/2013 15:00;21.1
23/04/2013 16:00;21.1
23/04/2013 17:00;20.8
23/04/2013 18:00;19.8
23/04/2013 19:00;18.9
23/04/2013 20:00;18.2
23/04/2013 21:00;17.5
23/04/2013 22:00;16.7
23/04/2013 23:00;16.1
24/04/2013 00:00;15.3
24/04/2013 01:00;15.6
24/04/2013 02:00;15.5
24/04/2013 03:00;15.3
24/04/2013 04:00;15.2
24/04/2013 05:00;14.9
24/04/2013 06:00;15.4
24/04/2013 07:00;16.7
24/04/2013 00:08;
24/04/2013 09:00;18.9
24/04/2013 10:00;20.1
24/04/2013 11:00;20.2
24/04/2013 12:00;21.1
24/04/2013 13:00;22.5
24/04/2013 14:00;23.3
24/04/2013 15:00;23.4
24/04/2013 16:00;23.5
24/04/2013 17:00;22.9
24/04/2013 18:00;21.9
24/04/2013 19:00;20.8
24/04/2013 20:00;20.5
24/04/2013 21:00;18.6
24/04/2013 22:00;16.7
24/04/2013 00:23;
25/04/2013 00:00;14.9
25/04/2013 01:00;14.4
25/04/2013 02:00;15.6
25/04/2013 03:00;15.9
25/04/2013 04:00;15.6
25/04/2013 00:05;
25/04/2013 06:00;17.3
25/04/2013 07:00;18.8
25/04/2013 08:00;19.8
25/04/2013 09:00;20.8
25/04/2013 10:00;21.9
25/04/2013 11:00;22.7
25/04/2013 12:00;23.5
25/04/2013 13:00;24.2
25/04/2013 00:14;
25/04/2013 15:00;25.3
25/04/2013 16:00;25.4
25/04/2013 17:00;24.9
25/04/2013 18:00;24.2
25/04/2013 19:00;23.1
25/04/2013 20:00;22.1
25/04/2013 21:00;21.2
25/04/2013 22:00;19.5
25/04/2013 23:00;17.8
26/04/2013 00:00;17.1
26/04/2013 00:01;
26/04/2013 02:00;16.6
26/04/2013 03:00;16.2
26/04/2013 00:04;
26/04/2013 05:00;16.2
26/04/2013 06:00;18.7
26/04/2013 07:00;19.4
26/04/2013 00:08;
26/04/2013 09:00;22.1
26/04/2013 00:10;
26/04/2013 11:00;24.6
26/04/2013 12:00;25.8
26/04/2013 13:00;27.1
26/04/2013 14:00;27.6
26/04/2013 15:00;27.7
26/04/2013 16:00;27.1
26/04/2013 17:00;26.5
26/04/2013 18:00;25.4
26/04/2013 19:00;23.8
26/04/2013 20:00;22.8
26/04/2013 21:00;22.2
26/04/2013 22:00;21.7
26/04/2013 23:00;21.3
27/04/2013 00:00;21.2
27/04/2013 01:00;20.6
27/04/2013 02:00;20.3
27/04/2013 03:00;19.8
27/04/2013 04:00;18.6
27/04/2013 05:00;19.1
27/04/2013 06:00;19.3
27/04/2013 07:00;19.1
27/04/2013 08:00;20.5
27/04/2013 09:00;21.6
27/04/2013 10:00;23.8
27/04/2013 11:00;24.8
27/04/2013 12:00;25.6
27/04/2013 13:00;25.4
27/04/2013 14:00;24.4
27/04/2013 15:00;23.6
27/04/2013 16:00;22.8
27/04/2013 00:17;
27/04/2013 18:00;21.1
27/04/2013 19:00;20.3
27/04/2013 20:00;19.8
27/04/2013 21:00;19.3
27/04/2013 00:22;
27/04/2013 23:00;18.6
28/04/2013 00:00;17.9
28/04/2013 01:00;17.5
28/04/2013 02:00;17.3
28/04/2013 03:00;17.2
28/04/2013 04:00;16.8
28/04/2013 05:00;15.6
28/04/2013 06:00;15.4
28/04/2013 07:00;15.4
28/04/2013 08:00;16.5
28/04/2013 09:00;17.6
28/04/2013 10:00;18.5
28/04/2013 11:00;19.6
28/04/2013 12:00;19.7
28/04/2013 13:00;20.3
28/04/2013 14:00;19.8
28/04/2013 00:15;
28/04/2013 16:00;19.5
28/04/2013 17:00;18.8
28/04/2013 18:00;17.5
28/04/2013 19:00;16.1
28/04/2013 00:20;
28/04/2013 21:00;14.2
28/04/2013 22:00;13.6
28/04/2013 23:00;13.1
29/04/2013 00:00;12.9
29/04/2013 01:00;12.5
29/04/2013 02:00;11.9
29/04/2013 03:00;11.1
29/04/2013 04:00;10.5
29/04/2013 05:00;10.6
29/04/2013 06:00;11.6
29/04/2013 07:00;12.5
29/04/2013 08:00;13.5
29/04/2013 09:00;14.5
29/04/2013 10:00;15.9
29/04/2013 11:00;16.8
29/04/2013 12:00;17.1
29/04/2013 13:00;17.7
29/04/2013 14:00;18.4
29/04/2013 15:00;17.9
29/04/2013 16:00;17.4
29/04/2013 17:00;17.1
29/04/2013 18:00;16.5
29/04/2013 19:00;15.6
29/04/2013 20:00;15.3
29/04/2013 21:00;15.3
29/04/2013 22:00;15.1
29/04/2013 00:23;
30/04/2013 00:00;14.6
30/04/2013 01:00;14.3
30/04/2013 02:00;14.4
30/04/2013 03:00;13.9
30/04/2013 04:00;13.5
30/04/2013 05:00;13.4
30/04/2013 06:00;14.1
30/04/2013 07:00;14.9
30/04/2013 08:00;15.3
30/04/2013 09:00;17.1
30/04/2013 10:00;18.6
30/04/2013 11:00;20.4
30/04/2013 12:00;21.9
30/04/2013 13:00;22.1
30/04/2013 14:00;21.6
30/04/2013 15:00;22.4
30/04/2013 16:00;22.8
30/04/2013 17:00;22.8
30/04/2013 00:18;
30/04/2013 19:00;22.7
30/04/2013 20:00;21.3
30/04/2013 21:00;20.3
30/04/2013 22:00;20.1
30/04/2013 23:00;19.1
01/05/2013 00:00;
01/05/2013 00:01;
01/05/2013 02:00;16.3
01/05/2013 03:00;15.6
01/05/2013 04:00;14.9
01/05/2013 05:00;14.2
01/05/2013 06:00;13.9
01/05/2013 07:00;13.8
01/05/2013 08:00;14.2
01/05/2013 09:00;15.4
01/05/2013 00:10;
01/05/2013 11:00;18.3
01/05/2013 12:00;19.6
01/05/2013 13:00;20.7
01/05/2013 14:00;21.8
01/05/2013 15:00;22.3
01/05/2013 16:00;22.5
01/05/2013 17:00;22.4
01/05/2013 18:00;21.7
01/05/2013 00:19;
01/05/2013 20:00;18.1
01/05/2013 21:00;16.5
01/05/2013 22:00;15.3
01/05/2013 23:00;14.5
02/05/2013 00:00;14.3
02/05/2013 01:00;14.2
02/05/2013 02:00;14.1
02/05/2013 00:03;
02/05/2013 04:00;13.2
02/05/2013 05:00;12.8
02/05/2013 06:00;12.4
02/05/2013 00:07;
02/05/2013 08:00;14.1
02/05/2013 09:00;13.1
02/05/2013 10:00;13.9
02/05/2013 11:00;15.2
02/05/2013 12:00;17.3
02/05/2013 00:13;
02/05/2013 14:00;18.9
02/05/2013 15:00;19.3
02/05/2013 16:00;19.1
02/05/2013 17:00;18.2
02/05/2013 00:18;
02/05/2013 19:00;17.8
02/05/2013 20:00;17.5
02/05/2013 21:00;17.1
02/05/2013 22:00;16.6
02/05/2013 23:00;16.4
03/05/2013 00:00;16.5
03/05/2013 01:00;16.5
03/05/2013 02:00;16.2
03/05/2013 03:00;15.8
03/05/2013 04:00;15.7
03/05/2013 05:00;15.5
03/05/2013 06:00;15.6
03/05/2013 07:00;15.3
03/05/2013 08:00;15.3
03/05/2013 09:00;15.4
03/05/2013 10:00;15.2
03/05/2013 11:00;15.3
03/05/2013 12:00;15.8
03/05/2013 13:00;15.9
03/05/2013 14:00;15.8
03/05/2013 15:00;16.4
03/05/2013 16:00;17.1
03/05/2013 17:00;16.9
03/05/2013 18:00;15.7
03/05/2013 19:00;14.9
03/05/2013 20:00;14.4
03/05/2013 21:00;13.9
03/05/2013 22:00;13.8
03/05/2013 23:00;13.8
04/05/2013 00:00;13.4
04/05/2013 01:00;13.1
04/05/2013 00:02;
04/05/2013 03:00;12.6
04/05/2013 04:00;12.7
04/05/2013 05:00;13.1
04/05/2013 06:00;13.2
04/05/2013 07:00;13.4
04/05/2013 08:00;14.4
04/05/2013 09:00;15.7
04/05/2013 00:10;
04/05/2013 11:00;17.5
04/05/2013 12:00;18.2
04/05/2013 13:00;19.7
04/05/2013 14:00;20.1
04/05/2013 15:00;20.5
04/05/2013 16:00;19.8
04/05/2013 17:00;19.3
04/05/2013 18:00;19.1
04/05/2013 19:00;18.2
04/05/2013 20:00;17.9
04/05/2013 21:00;17.6
04/05/2013 22:00;17.2
04/05/2013 00:23;
05/05/2013 00:00;13.8
05/05/2013 01:00;13.9
05/05/2013 02:00;13.9
05/05/2013 03:00;13.9
05/05/2013 04:00;13.9
05/05/2013 00:05;
05/05/2013 06:00;14.5
05/05/2013 07:00;15.3
05/05/2013 08:00;16.2
05/05/2013 09:00;16.8
05/05/2013 10:00;17.8
05/05/2013 11:00;18.6
05/05/2013 12:00;18.8
05/05/2013 00:13;
05/05/2013 14:00;19.2
05/05/2013 15:00;20.1
05/05/2013 16:00;19.8
05/05/2013 17:00;20.5
05/05/2013 00:18;
05/05/2013 19:00;19.5
05/05/2013 20:00;19.2
05/05/2013 21:00;18.6
05/05/2013 22:00;17.9
05/05/2013 23:00;17.4
06/05/2013 00:00;16.8
06/05/2013 01:00;16.3
06/05/2013 02:00;15.8
06/05/2013 03:00;15.3
06/05/2013 04:00;15.1
06/05/2013 05:00;14.9
06/05/2013 06:00;15.3
06/05/2013 00:07;
06/05/2013 08:00;15.9
06/05/2013 09:00;17.2
06/05/2013 10:00;18.2
06/05/2013 11:00;19.4
06/05/2013 12:00;20.4
06/05/2013 00:13;
06/05/2013 14:00;21.3
06/05/2013 15:00;20.9
06/05/2013 00:16;
06/05/2013 17:00;20.4
06/05/2013 00:18;
06/05/2013 19:00;19.4
06/05/2013 20:00;18.9
06/05/2013 21:00;18.1
06/05/2013 22:00;17.7
06/05/2013 23:00;17.3
07/05/2013 00:00;
07/05/2013 00:01;
07/05/2013 02:00;16.4
07/05/2013 03:00;16.2
07/05/2013 04:00;16.3
07/05/2013 05:00;16.2
07/05/2013 06:00;16.4
07/05/2013 07:00;16.7
07/05/2013 08:00;17.2
07/05/2013 09:00;18.9
07/05/2013 10:00;19.8
07/05/2013 11:00;20.2
07/05/2013 12:00;20.7
07/05/2013 13:00;20.5
07/05/2013 14:00;20.5
07/05/2013 15:00;17.6
07/05/2013 16:00;18.3
07/05/2013 17:00;18.2
07/05/2013 18:00;18.2
07/05/2013 19:00;18.1
07/05/2013 20:00;17.8
07/05/2013 21:00;17.4
07/05/2013 22:00;17.1
07/05/2013 00:23;
08/05/2013 00:00;16.8
08/05/2013 01:00;16.6
08/05/2013 02:00;16.3
08/05/2013 00:03;
08/05/2013 04:00;15.7
08/05/2013 05:00;15.9
08/05/2013 06:00;16.5
08/05/2013 07:00;16.9
08/05/2013 08:00;16.9
08/05/2013 09:00;18.4
08/05/2013 10:00;19.4
08/05/2013 11:00;20.2
08/05/2013 12:00;21.5
08/05/2013 00:13;
08/05/2013 14:00;22.9
08/05/2013 15:00;22.6
08/05/2013 16:00;22.7
08/05/2013 17:00;22.9
08/05/2013 18:00;22.2
08/05/2013 19:00;21.1
08/05/2013 20:00;20.2
08/05/2013 21:00;19.6
08/05/2013 22:00;18.8
08/05/2013 23:00;18.2
09/05/2013 00:00;17.5
09/05/2013 01:00;16.6
09/05/2013 02:00;16.3
09/05/2013 03:00;15.3
09/05/2013 04:00;14.8
09/05/2013 05:00;15.8
09/05/2013 06:00;16.8
09/05/2013 07:00;17.8
09/05/2013 08:00;19.5
09/05/2013 09:00;21.7
09/05/2013 10:00;22.9
09/05/2013 11:00;24.2
09/05/2013 12:00;24.8
09/05/2013 13:00;24.8
09/05/2013 14:00;25.3
09/05/2013 15:00;25.3
09/05/2013 16:00;24.9
09/05/2013 17:00;24.4
09/05/2013 18:00;23.1
09/05/2013 19:00;21.8
09/05/2013 20:00;20.9
09/05/2013 21:00;20.2
09/05/2013 22:00;19.5
09/05/2013 23:00;18.9
10/05/2013 00:00;18.3
10/05/2013 01:00;17.4
10/05/2013 02:00;16.7
10/05/2013 03:00;16.1
10/05/2013 04:00;15.6
10/05/2013 05:00;16.8
10/05/2013 06:00;17.6
10/05/2013 07:00;18.3
10/05/2013 08:00;19.1
10/05/2013 09:00;20.4
10/05/2013 10:00;21.2
10/05/2013 11:00;21.8
10/05/2013 12:00;22.8
10/05/2013 13:00;23.4
10/05/2013 14:00;23.6
10/05/2013 15:00;20.5
10/05/2013 16:00;17.3
10/05/2013 17:00;16.2
10/05/2013 18:00;15.5
10/05/2013 19:00;14.5
10/05/2013 00:20;
10/05/2013 21:00;13.8
10/05/2013 22:00;13.5
10/05/2013 23:00;13.3
11/05/2013 00:00;12.6
11/05/2013 01:00;12.2
11/05/2013 02:00;12.4
11/05/2013 03:00;12.5
11/05/2013 04:00;12.7
11/05/2013 05:00;12.9
11/05/2013 06:00;12.8
11/05/2013 07:00;13.1
11/05/2013 08:00;13.4
11/05/2013 09:00;13.3
11/05/2013 10:00;12.9
11/05/2013 11:00;12.7
11/05/2013 12:00;12.8
11/05/2013 00:13;
11/05/2013 14:00;12.7
11/05/2013 15:00;12.6
11/05/2013 16:00;12.7
11/05/2013 00:17;
11/05/2013 18:00;13.1
11/05/2013 19:00;13.1
11/05/2013 00:20;
11/05/2013 21:00;12.6
11/05/2013 22:00;12.2
11/05/2013 23:00;12.1
12/05/2013 00:00;12.2
12/05/2013 01:00;11.9
12/05/2013 02:00;11.6
12/05/2013 03:00;11.4
12/05/2013 04:00;11.4
12/05/2013 05:00;11.5
12/05/2013 06:00;11.7
12/05/2013 07:00;11.8
12/05/2013 08:00;12.1
12/05/2013 09:00;13.1
12/05/2013 10:00;14.6
12/05/2013 11:00;15.2
12/05/2013 12:00;14.5
12/05/2013 13:00;15.1
12/05/2013 14:00;14.7
12/05/2013 15:00;14.4
12/05/2013 16:00;13.2
12/05/2013 17:00;14.8
12/05/2013 18:00;12.9
12/05/2013 19:00;11.6
12/05/2013 20:00;11.6
12/05/2013 21:00;11.3
12/05/2013 22:00;11.1
12/05/2013 23:00;10.8
13/05/2013 00:00;10.7
13/05/2013 01:00;10.2
13/05/2013 02:00;9.5
13/05/2013 00:03;
13/05/2013 04:00;8.8
13/05/2013 05:00;9.1
13/05/2013 06:00;10.1
13/05/2013 07:00;10.8
13/05/2013 08:00;11.6
13/05/2013 09:00;12.5
13/05/2013 10:00;13.2
13/05/2013 11:00;14.1
13/05/2013 12:00;14.9
13/05/2013 13:00;15.3
13/05/2013 14:00;15.2
13/05/2013 15:00;14.2
13/05/2013 16:00;14.3
13/05/2013 17:00;12.8
13/05/2013 00:18;
13/05/2013 19:00;10.7
13/05/2013 20:00;10.1
13/05/2013 21:00;9.8
13/05/2013 22:00;9.8
13/05/2013 23:00;9.9
14/05/2013 00:00;9.9
14/05/2013 01:00;10.1
14/05/2013 02:00;10.2
14/05/2013 03:00;10.7
14/05/2013 04:00;10.8
14/05/2013 05:00;11.6
14/05/2013 06:00;12.4
14/05/2013 07:00;12.9
14/05/2013 08:00;14.2
14/05/2013 09:00;15.4
14/05/2013 10:00;16.7
14/05/2013 11:00;17.6
14/05/2013 12:00;18.5
14/05/2013 00:13;
14/05/2013 14:00;19.2
14/05/2013 15:00;19.7
14/05/2013 16:00;20.1
14/05/2013 17:00;19.3
14/05/2013 18:00;19.3
14/05/2013 19:00;18.1
14/05/2013 00:20;
14/05/2013 21:00;16.1
14/05/2013 22:00;15.5
14/05/2013 23:00;14.6
15/05/2013 00:00;13.9
15/05/2013 01:00;13.6
15/05/2013 02:00;13.1
15/05/2013 03:00;12.6
15/05/2013 04:00;12.7
15/05/2013 05:00;13.4
15/05/2013 06:00;14.4
15/05/2013 00:07;
15/05/2013 08:00;17.4
15/05/2013 09:00;18.5
15/05/2013 10:00;19.4
15/05/2013 11:00;20.6
15/05/2013 12:00;21.2
15/05/2013 13:00;21.8
15/05/2013 14:00;22.5
15/05/2013 15:00;22.6
15/05/2013 16:00;22.7
15/05/2013 17:00;22.6
15/05/2013 00:18;
15/05/2013 19:00;20.5
15/05/2013 20:00;19.4
15/05/2013 21:00;18.6
15/05/2013 22:00;17.8
15/05/2013 23:00;17.3
16/05/2013 00:00;16.5
16/05/2013 01:00;15.6
16/05/2013 02:00;15.2
16/05/2013 03:00;14.5
16/05/2013 04:00;14.1
16/05/2013 05:00;14.5
16/05/2013 06:00;15.9
16/05/2013 07:00;17.1
16/05/2013 08:00;18.4
16/05/2013 00:09;
16/05/2013 10:00;20.9
16/05/2013 11:00;21.6
16/05/2013 12:00;22.2
16/05/2013 00:13;
16/05/2013 14:00;23.4
16/05/2013 15:00;23.4
16/05/2013 00:16;
16/05/2013 17:00;22.7
16/05/2013 18:00;21.2
16/05/2013 19:00;19.1
16/05/2013 20:00;18.4
16/05/2013 21:00;18.1
16/05/2013 22:00;17.6
16/05/2013 23:00;16.7
17/05/2013 00:00;15.8
17/05/2013 01:00;15.4
17/05/2013 00:02;
17/05/2013 03:00;14.7
17/05/2013 04:00;14.5
17/05/2013 00:05;
17/05/2013 00:06;
17/05/2013 07:00;17.9
17/05/2013 08:00;18.9
17/05/2013 09:00;18.9
17/05/2013 10:00;18.6
17/05/2013 11:00;18.6
17/05/2013 12:00;19.4
17/05/2013 13:00;20.6
17/05/2013 14:00;21.1
17/05/2013 15:00;21.5
17/05/2013 00:16;
17/05/2013 17:00;19.8
17/05/2013 00:18;
17/05/2013 19:00;18.1
17/05/2013 20:00;17.1
17/05/2013 21:00;16.2
17/05/2013 22:00;15.7
17/05/2013 23:00;15.6
18/05/2013 00:00;15.4
18/05/2013 01:00;15.2
18/05/2013 02:00;14.9
18/05/2013 03:00;15.6
18/05/2013 04:00;15.3
18/05/2013 05:00;15.5
18/05/2013 00:06;
18/05/2013 07:00;16.6
18/05/2013 08:00;17.4
18/05/2013 00:09;
18/05/2013 10:00;18.9
18/05/2013 11:00;18.5
18/05/2013 12:00;18.4
18/05/2013 13:00;16.3
18/05/2013 14:00;18.3
18/05/2013 15:00;19.7
18/05/2013 16:00;21.3
18/05/2013 17:00;22.7
18/05/2013 18:00;22.5
18/05/2013 19:00;20.6
18/05/2013 20:00;18.9
18/05/2013 21:00;17.3
18/05/2013 22:00;16.4
18/05/2013 23:00;15.6
19/05/2013 00:00;
19/05/2013 01:00;14.1
19/05/2013 02:00;13.7
19/05/2013 03:00;13.1
19/05/2013 04:00;12.8
19/05/2013 00:05;
19/05/2013 06:00;15.4
19/05/2013 07:00;17.2
19/05/2013 08:00;18.9
19/05/2013 00:09;
19/05/2013 10:00;22.2
19/05/2013 11:00;23.7
19/05/2013 12:00;24.1
19/05/2013 13:00;24.6
19/05/2013 14:00;25.7
19/05/2013 15:00;25.8
19/05/2013 16:00;25.9
19/05/2013 17:00;25.2
19/05/2013 18:00;23.4
19/05/2013 19:00;22.2
19/05/2013 00:20;
19/05/2013 21:00;20.5
19/05/2013 22:00;16.8
19/05/2013 23:00;15.2
20/05/2013 00:00;14.8
20/05/2013 01:00;14.4
20/05/2013 02:00;13.8
20/05/2013 03:00;13.5
20/05/2013 04:00;13.4
20/05/2013 05:00;13.6
20/05/2013 06:00;13.9
20/05/2013 07:00;14.6
20/05/2013 08:00;15.1
20/05/2013 09:00;16.1
20/05/2013 10:00;15.9
20/05/2013 11:00;16.6
20/05/2013 12:00;16.6
20/05/2013 13:00;17.1
20/05/2013 14:00;18.8
20/05/2013 15:00;19.2
20/05/2013 16:00;18.4
20/05/2013 17:00;18.3
20/05/2013 18:00;17.8
20/05/2013 19:00;17.2
20/05/2013 20:00;16.7
20/05/2013 21:00;15.8
20/05/2013 22:00;15.1
20/05/2013 23:00;14.4
21/05/2013 00:00;13.9
21/05/2013 01:00;13.3
21/05/2013 02:00;13.2
21/05/2013 03:00;13.2
21/05/2013 04:00;12.9
21/05/2013 05:00;13.1
21/05/2013 06:00;14.2
21/05/2013 07:00;15.3
21/05/2013 08:00;15.5
21/05/2013 09:00;15.4
21/05/2013 10:00;16.4
21/05/2013 11:00;17.1
21/05/2013 12:00;18.4
21/05/2013 00:13;
21/05/2013 14:00;19.8
21/05/2013 00:15;
21/05/2013 16:00;19.2
21/05/2013 17:00;18.4
21/05/2013 18:00;12.7
21/05/2013 19:00;12.1
21/05/2013 20:00;12.1
21/05/2013 21:00;12.2
21/05/2013 22:00;12.3
21/05/2013 23:00;12.3
22/05/2013 00:00;12.4
22/05/2013 01:00;12.5
22/05/2013 02:00;12.5
22/05/2013 03:00;12.6
22/05/2013 04:00;12.7
22/05/2013 05:00;12.7
22/05/2013 06:00;12.8
22/05/2013 07:00;12.9
22/05/2013 08:00;13.3
22/05/2013 09:00;14.7
22/05/2013 10:00;15.2
22/05/2013 11:00;16.6
22/05/2013 12:00;17.5
22/05/2013 13:00;18.7
22/05/2013 14:00;19.5
22/05/2013 15:00;19.9
22/05/2013 00:16;
22/05/2013 17:00;19.2
22/05/2013 18:00;16.8
22/05/2013 19:00;15.1
22/05/2013 20:00;14.3
22/05/2013 21:00;13.4
22/05/2013 00:22;
22/05/2013 23:00;12.2
23/05/2013 00:00;11.6
23/05/2013 01:00;10.8
23/05/2013 02:00;10.2
23/05/2013 03:00;9.8
23/05/2013 04:00;9.6
23/05/2013 05:00;9.8
23/05/2013 06:00;9.8
23/05/2013 00:07;
23/05/2013 08:00;10.8
23/05/2013 09:00;10.9
23/05/2013 10:00;11.5
23/05/2013 11:00;12.3
23/05/2013 12:00;12.5
23/05/2013 13:00;12.8
23/05/2013 00:14;
23/05/2013 15:00;13.2
23/05/2013 00:16;
23/05/2013 17:00;12.8
23/05/2013 18:00;12.5
23/05/2013 19:00;12.2
23/05/2013 20:00;11.8
23/05/2013 21:00;11.6
23/05/2013 22:00;11.1
23/05/2013 23:00;10.9
24/05/2013 00:00;10.4
24/05/2013 01:00;9.9
24/05/2013 02:00;9.5
24/05/2013 03:00;9.3
24/05/2013 00:04;
24/05/2013 05:00;9.2
24/05/2013 00:06;
24/05/2013 07:00;11.1
24/05/2013 08:00;11.1
24/05/2013 09:00;11.7
24/05/2013 10:00;11.7
24/05/2013 11:00;12.1
24/05/2013 12:00;12.9
24/05/2013 13:00;13.2
24/05/2013 14:00;13.8
24/05/2013 15:00;14.2
24/05/2013 16:00;14.1
24/05/2013 17:00;13.3
24/05/2013 00:18;
24/05/2013 19:00;11.1
24/05/2013 20:00;10.4
24/05/2013 21:00;9.5
24/05/2013 22:00;8.6
24/05/2013 23:00;8.2
25/05/2013 00:00;7.9
25/05/2013 01:00;7.7
25/05/2013 02:00;7.5
25/05/2013 03:00;7.4
25/05/2013 04:00;7.4
25/05/2013 05:00;7.6
25/05/2013 06:00;8.1
25/05/2013 07:00;8.3
25/05/2013 08:00;8.5
25/05/2013 09:00;8.5
25/05/2013 10:00;9.2
25/05/2013 11:00;9.7
25/05/2013 12:00;10.2
25/05/2013 13:00;11.1
25/05/2013 14:00;12.4
25/05/2013 15:00;12.2
25/05/2013 16:00;12.3
25/05/2013 17:00;12.6
25/05/2013 18:00;12.2
25/05/2013 19:00;11.7
25/05/2013 20:00;11.1
25/05/2013 21:00;10.9
25/05/2013 00:22;
25/05/2013 23:00;10.7
26/05/2013 00:00;10.3
26/05/2013 01:00;10.1
26/05/2013 02:00;9.7
26/05/2013 03:00;9.3
26/05/2013 04:00;9.3
26/05/2013 05:00;9.9
26/05/2013 06:00;10.7
26/05/2013 07:00;11.6
26/05/2013 00:08;
26/05/2013 09:00;12.5
26/05/2013 00:10;
26/05/2013 11:00;13.3
26/05/2013 12:00;13.1
26/05/2013 13:00;14.1
26/05/2013 14:00;14.3
26/05/2013 15:00;13.9
26/05/2013 16:00;13.5
26/05/2013 17:00;12.8
26/05/2013 18:00;11.7
26/05/2013 19:00;10.2
26/05/2013 20:00;9.4
26/05/2013 21:00;9.5
26/05/2013 22:00;9.5
26/05/2013 23:00;9.1
27/05/2013 00:00;8.6
27/05/2013 01:00;8.5
27/05/2013 02:00;8.4
27/05/2013 03:00;8.2
27/05/2013 04:00;8.2
27/05/2013 05:00;8.4
27/05/2013 06:00;8.6
27/05/2013 07:00;8.7
27/05/2013 08:00;8.9
27/05/2013 09:00;9.5
27/05/2013 10:00;10.3
27/05/2013 11:00;11.1
27/05/2013 12:00;11.4
27/05/2013 13:00;10.9
27/05/2013 14:00;10.3
27/05/2013 00:15;
27/05/2013 16:00;11.4
27/05/2013 17:00;11.8
27/05/2013 18:00;11.7
27/05/2013 00:19;
27/05/2013 00:20;
27/05/2013 21:00;10.9
27/05/2013 22:00;10.6
27/05/2013 23:00;10.5
28/05/2013 00:00;10.4
28/05/2013 01:00;10.4
28/05/2013 02:00;10.4
28/05/2013 03:00;10.3
28/05/2013 04:00;10.5
28/05/2013 05:00;10.9
28/05/2013 06:00;11.5
28/05/2013 07:00;12.5
28/05/2013 00:08;
28/05/2013 09:00;15.4
28/05/2013 10:00;16.7
28/05/2013 11:00;18.1
28/05/2013 12:00;18.7
28/05/2013 13:00;19.7
28/05/2013 14:00;20.5
28/05/2013 15:00;20.7
28/05/2013 16:00;19.5
28/05/2013 17:00;18.8
28/05/2013 18:00;17.9
28/05/2013 19:00;16.8
28/05/2013 20:00;15.4
28/05/2013 21:00;14.5
28/05/2013 00:22;
28/05/2013 23:00;13.3
29/05/2013 00:00;12.8
29/05/2013 01:00;12.3
29/05/2013 02:00;11.5
29/05/2013 03:00;11.2
29/05/2013 04:00;11.2
29/05/2013 05:00;12.1
29/05/2013 06:00;13.1
29/05/2013 07:00;14.6
29/05/2013 08:00;16.1
29/05/2013 09:00;17.8
29/05/2013 10:00;19.4
29/05/2013 11:00;20.6
29/05/2013 12:00;21.8
29/05/2013 13:00;22.6
29/05/2013 14:00;22.8
29/05/2013 00:15;
29/05/2013 16:00;22.3
29/05/2013 17:00;21.5
29/05/2013 18:00;18.8
29/05/2013 19:00;13.5
29/05/2013 20:00;12.1
29/05/2013 21:00;11.5
29/05/2013 22:00;11.3
29/05/2013 23:00;11.3
30/05/2013 00:00;11.2
30/05/2013 01:00;11.2
30/05/2013 02:00;11.3
30/05/2013 03:00;11.5
30/05/2013 04:00;11.5
30/05/2013 05:00;11.8
30/05/2013 06:00;12.1
30/05/2013 07:00;12.8
30/05/2013 00:08;
30/05/2013 09:00;12.8
30/05/2013 10:00;11.9
30/05/2013 00:11;
30/05/2013 12:00;10.7
30/05/2013 13:00;10.3
30/05/2013 14:00;10.4
30/05/2013 15:00;10.5
30/05/2013 16:00;10.5
30/05/2013 17:00;10.3
30/05/2013 00:18;
30/05/2013 19:00;10.1
30/05/2013 20:00;10.1
30/05/2013 21:00;9.7
30/05/2013 22:00;9.6
30/05/2013 23:00;9.7
31/05/2013 00:00;9.8
31/05/2013 01:00;9.7
31/05/2013 02:00;9.6
31/05/2013 03:00;9.5
31/05/2013 04:00;9.1
31/05/2013 05:00;9.1
31/05/2013 06:00;9.1
31/05/2013 07:00;9.3
31/05/2013 08:00;9.7
31/05/2013 09:00;9.9
31/05/2013 10:00;10.3
31/05/2013 11:00;10.7
31/05/2013 12:00;10.7
31/05/2013 13:00;10.5
31/05/2013 14:00;10.7
31/05/2013 15:00;10.9
31/05/2013 16:00;11.3
31/05/2013 17:00;10.7
31/05/2013 18:00;10.6
31/05/2013 19:00;10.2
31/05/2013 20:00;9.9
31/05/2013 21:00;10.1
31/05/2013 22:00;10.2
31/05/2013 23:00;9.9
01/06/2013 00:00;9.3
01/06/2013 01:00;8.9
01/06/2013 02:00;8.7
01/06/2013 00:03;
01/06/2013 04:00;9.4
01/06/2013 05:00;9.7
01/06/2013 06:00;10.9
01/06/2013 00:07;
01/06/2013 08:00;12.8
01/06/2013 09:00;13.3
01/06/2013 10:00;14.9
01/06/2013 11:00;14.9
01/06/2013 00:12;
01/06/2013 13:00;17.1
01/06/2013 14:00;17.1
01/06/2013 15:00;17.3
01/06/2013 16:00;17.6
01/06/2013 17:00;16.4
01/06/2013 18:00;15.4
01/06/2013 19:00;14.7
01/06/2013 00:20;
01/06/2013 21:00;13.7
01/06/2013 22:00;12.9
01/06/2013 00:23;
02/06/2013 00:00;12.9
02/06/2013 01:00;11.5
02/06/2013 02:00;11.3
02/06/2013 03:00;11.5
02/06/2013 04:00;11.4
02/06/2013 05:00;11.4
02/06/2013 06:00;11.5
02/06/2013 07:00;11.8
02/06/2013 00:08;
02/06/2013 00:09;
02/06/2013 10:00;12.1
02/06/2013 11:00;12.5
02/06/2013 12:00;12.9
02/06/2013 13:00;13.9
02/06/2013 00:14;
02/06/2013 15:00;13.2
02/06/2013 16:00;12.4
02/06/2013 17:00;11.5
02/06/2013 18:00;11.3
02/06/2013 19:00;10.9
02/06/2013 20:00;10.6
02/06/2013 21:00;10.6
02/06/2013 22:00;10.4
02/06/2013 23:00;10.1
03/06/2013 00:00;
03/06/2013 00:01;
03/06/2013 00:02;
03/06/2013 03:00;10.2
03/06/2013 04:00;10.2
03/06/2013 05:00;10.1
03/06/2013 06:00;10.4
03/06/2013 07:00;10.6
03/06/2013 08:00;11.1
03/06/2013 09:00;11.1
03/06/2013 10:00;10.8
03/06/2013 00:11;
03/06/2013 12:00;11.2
03/06/2013 13:00;10.8
03/06/2013 00:14;
03/06/2013 00:15;
03/06/2013 16:00;10.9
03/06/2013 17:00;10.3
03/06/2013 18:00;10.2
03/06/2013 00:19;
03/06/2013 20:00;9.9
03/06/2013 21:00;9.5
03/06/2013 22:00;9.3
03/06/2013 23:00;8.9
04/06/2013 00:00;8.9
04/06/2013 01:00;8.9
04/06/2013 02:00;8.8
04/06/2013 03:00;8.8
04/06/2013 04:00;8.8
04/06/2013 00:05;
04/06/2013 06:00;9.4
04/06/2013 07:00;9.3
04/06/2013 08:00;9.4
04/06/2013 00:09;
04/06/2013 10:00;10.6
04/06/2013 11:00;10.9
04/06/2013 12:00;11.6
04/06/2013 13:00;11.8
04/06/2013 14:00;11.6
04/06/2013 15:00;11.9
04/06/2013 00:16;
04/06/2013 17:00;12.2
04/06/2013 18:00;12.1
04/06/2013 19:00;12.2
04/06/2013 20:00;12.5
04/06/2013 21:00;12.4
04/06/2013 22:00;12.1
04/06/2013 00:23;
05/06/2013 00:00;12.1
05/06/2013 01:00;12.4
05/06/2013 02:00;12.6
05/06/2013 03:00;12.8
05/06/2013 04:00;12.9
05/06/2013 00:05;
05/06/2013 06:00;13.1
05/06/2013 07:00;13.1
05/06/2013 08:00;13.4
05/06/2013 09:00;14.4
05/06/2013 10:00;15.1
05/06/2013 11:00;15.4
05/06/2013 12:00;15.4
05/06/2013 13:00;15.4
05/06/2013 14:00;15.3
05/06/2013 15:00;15.2
05/06/2013 16:00;15.9
05/06/2013 17:00;16.3
05/06/2013 18:00;15.8
05/06/2013 19:00;15.1
05/06/2013 20:00;14.3
05/06/2013 21:00;13.9
05/06/2013 22:00;13.7
05/06/2013 23:00;13.3
06/06/2013 00:00;12.8
06/06/2013 01:00;12.5
06/06/2013 02:00;12.3
06/06/2013 03:00;12.1
06/06/2013 04:00;12.2
06/06/2013 05:00;12.3
06/06/2013 06:00;12.6
06/06/2013 07:00;13.6
06/06/2013 08:00;14.1
06/06/2013 09:00;14.6
06/06/2013 10:00;14.4
06/06/2013 11:00;15.2
06/06/2013 12:00;15.8
06/06/2013 13:00;16.5
06/06/2013 14:00;17.1
06/06/2013 15:00;17.4
06/06/2013 16:00;18.2
06/06/2013 17:00;18.8
06/06/2013 18:00;18.8
06/06/2013 19:00;18.3
06/06/2013 20:00;17.3
06/06/2013 21:00;16.9
06/06/2013 22:00;16.7
06/06/2013 23:00;16.3
07/06/2013 00:00;15.6
07/06/2013 01:00;15.1
07/06/2013 02:00;14.6
07/06/2013 03:00;14.3
07/06/2013 04:00;14.3
07/06/2013 05:00;14.7
07/06/2013 06:00;15.4
07/06/2013 07:00;15.8
07/06/2013 08:00;16.8
07/06/2013 09:00;17.9
07/06/2013 10:00;18.9
07/06/2013 11:00;19.4
07/06/2013 12:00;19.7
07/06/2013 13:00;19.9
07/06/2013 14:00;20.8
07/06/2013 15:00;21.5
07/06/2013 16:00;21.7
07/06/2013 17:00;21.5
07/06/2013 18:00;21.2
07/06/2013 19:00;20.5
07/06/2013 20:00;19.7
07/06/2013 21:00;18.7
07/06/2013 22:00;17.7
07/06/2013 23:00;17.3
08/06/2013 00:00;16.6
08/06/2013 01:00;16.1
08/06/2013 02:00;15.8
08/06/2013 03:00;16.1
08/06/2013 04:00;16.2
08/06/2013 05:00;16.6
08/06/2013 06:00;18.2
08/06/2013 07:00;19.1
08/06/2013 08:00;19.9
08/06/2013 09:00;20.7
08/06/2013 10:00;21.6
08/06/2013 11:00;22.8
08/06/2013 12:00;23.8
08/06/2013 13:00;24.4
08/06/2013 00:14;
08/06/2013 15:00;25.4
08/06/2013 16:00;25.8
08/06/2013 17:00;25.3
08/06/2013 18:00;24.7
08/06/2013 19:00;23.9
08/06/2013 20:00;22.8
08/06/2013 21:00;21.4
08/06/2013 22:00;19.6
08/06/2013 23:00;18.5
09/06/2013 00:00;17.8
09/06/2013 01:00;16.9
09/06/2013 02:00;16.5
09/06/2013 03:00;16.8
09/06/2013 04:00;16.5
09/06/2013 05:00;17.5
09/06/2013 06:00;18.1
09/06/2013 07:00;19.8
09/06/2013 08:00;21.1
09/06/2013 09:00;22.2
09/06/2013 10:00;23.7
09/06/2013 11:00;24.9
09/06/2013 12:00;25.9
09/06/2013 13:00;26.5
09/06/2013 14:00;26.6
09/06/2013 00:15;
09/06/2013 16:00;27.9
09/06/2013 17:00;26.6
09/06/2013 18:00;25.6
09/06/2013 19:00;24.6
09/06/2013 20:00;23.2
09/06/2013 21:00;22.8
09/06/2013 22:00;22.9
09/06/2013 23:00;20.8
10/06/2013 00:00;19.3
10/06/2013 01:00;18.4
10/06/2013 02:00;17.7
10/06/2013 03:00;17.4
10/06/2013 04:00;17.4
10/06/2013 05:00;18.9
10/06/2013 06:00;20.6
10/06/2013 07:00;20.4
10/06/2013 08:00;21.4
10/06/2013 09:00;22.2
10/06/2013 00:10;
10/06/2013 11:00;22.6
10/06/2013 12:00;22.3
10/06/2013 13:00;22.7
10/06/2013 14:00;20.7
10/06/2013 15:00;19.8
10/06/2013 16:00;20.2
10/06/2013 17:00;20.2
10/06/2013 00:18;
10/06/2013 00:19;
10/06/2013 20:00;17.4
10/06/2013 21:00;16.9
10/06/2013 22:00;16.5
10/06/2013 23:00;15.9
11/06/2013 00:00;14.9
11/06/2013 01:00;14.6
11/06/2013 02:00;14.6
11/06/2013 03:00;14.3
11/06/2013 04:00;14.2
11/06/2013 00:05;
11/06/2013 06:00;13.6
11/06/2013 00:07;
11/06/2013 08:00;13.9
11/06/2013 09:00;14.1
11/06/2013 10:00;15.8
11/06/2013 11:00;17.4
11/06/2013 00:12;
11/06/2013 13:00;16.8
11/06/2013 14:00;15.4
11/06/2013 15:00;14.9
11/06/2013 00:16;
11/06/2013 17:00;17.9
11/06/2013 18:00;18.8
11/06/2013 19:00;18.3
11/06/2013 20:00;17.2
11/06/2013 21:00;15.8
11/06/2013 22:00;15.3
11/06/2013 00:23;
12/06/2013 00:00;
12/06/2013 01:00;14.6
12/06/2013 00:02;
12/06/2013 03:00;13.7
12/06/2013 04:00;13.7
12/06/2013 05:00;14.6
12/06/2013 06:00;15.8
12/06/2013 07:00;16.9
12/06/2013 00:08;
12/06/2013 09:00;18.7
12/06/2013 10:00;19.7
12/06/2013 11:00;20.6
12/06/2013 12:00;21.3
12/06/2013 13:00;21.5
12/06/2013 14:00;22.1
12/06/2013 15:00;22.5
12/06/2013 16:00;22.7
12/06/2013 17:00;22.3
12/06/2013 18:00;21.6
12/06/2013 00:19;
12/06/2013 20:00;19.9
12/06/2013 21:00;19.2
12/06/2013 22:00;18.8
12/06/2013 23:00;17.7
13/06/2013 00:00;16.7
13/06/2013 01:00;15.9
13/06/2013 02:00;15.5
13/06/2013 03:00;14.9
13/06/2013 04:00;15.2
13/06/2013 05:00;16.8
13/06/2013 06:00;18.7
13/06/2013 07:00;20.5
13/06/2013 08:00;21.1
13/06/2013 09:00;22.1
13/06/2013 10:00;22.7
13/06/2013 11:00;23.2
13/06/2013 12:00;24.3
13/06/2013 13:00;24.7
13/06/2013 14:00;25.2
13/06/2013 15:00;25.4
13/06/2013 16:00;25.8
13/06/2013 17:00;25.3
13/06/2013 00:18;
13/06/2013 19:00;24.3
13/06/2013 20:00;22.5
13/06/2013 21:00;21.6
13/06/2013 22:00;20.3
13/06/2013 23:00;19.5
14/06/2013 00:00;18.9
14/06/2013 01:00;18.5
14/06/2013 02:00;18.1
14/06/2013 03:00;17.5
14/06/2013 04:00;16.6
14/06/2013 00:05;
14/06/2013 06:00;19.6
14/06/2013 07:00;20.8
14/06/2013 08:00;21.7
14/06/2013 09:00;21.4
14/06/2013 10:00;21.2
14/06/2013 00:11;
14/06/2013 12:00;22.2
14/06/2013 13:00;22.2
14/06/2013 14:00;22.3
14/06/2013 15:00;22.7
14/06/2013 16:00;23.2
14/06/2013 17:00;22.5
14/06/2013 18:00;21.4
14/06/2013 19:00;20.7
14/06/2013 20:00;20.5
14/06/2013 21:00;20.2
14/06/2013 22:00;19.9
14/06/2013 23:00;19.4
15/06/2013 00:00;18.8
15/06/2013 01:00;18.5
15/06/2013 02:00;17.8
15/06/2013 03:00;17.3
15/06/2013 04:00;17.3
15/06/2013 05:00;17.4
15/06/2013 06:00;17.6
15/06/2013 07:00;17.9
15/06/2013 08:00;18.6
15/06/2013 09:00;19.8
15/06/2013 10:00;21.2
15/06/2013 11:00;23.1
15/06/2013 12:00;24.7
15/06/2013 13:00;25.8
15/06/2013 14:00;26.3
15/06/2013 15:00;26.7
15/06/2013 16:00;27.4
15/06/2013 17:00;26.8
15/06/2013 00:18;
15/06/2013 19:00;25.2
15/06/2013 20:00;23.9
15/06/2013 21:00;23.2
15/06/2013 22:00;21.6
15/06/2013 23:00;20.7
16/06/2013 00:00;20.3
16/06/2013 01:00;20.1
16/06/2013 02:00;20.6
16/06/2013 03:00;21.2
16/06/2013 00:04;
16/06/2013 05:00;20.6
16/06/2013 06:00;20.3
16/06/2013 07:00;20.1
16/06/2013 08:00;20.3
16/06/2013 09:00;21.1
16/06/2013 10:00;23.4
16/06/2013 11:00;24.1
16/06/2013 00:12;
16/06/2013 13:00;26.5
16/06/2013 14:00;27.1
16/06/2013 15:00;27.4
16/06/2013 16:00;27.4
16/06/2013 17:00;27.5
16/06/2013 18:00;27.1
16/06/2013 19:00;26.1
16/06/2013 00:20;
16/06/2013 21:00;24.4
16/06/2013 22:00;23.6
16/06/2013 23:00;22.2
17/06/2013 00:00;21.7
17/06/2013 01:00;21.2
17/06/2013 02:00;20.3
17/06/2013 00:03;
17/06/2013 04:00;20.8
17/06/2013 05:00;22.2
17/06/2013 06:00;22.6
17/06/2013 07:00;23.9
17/06/2013 08:00;24.9
17/06/2013 09:00;25.2
17/06/2013 10:00;26.1
17/06/2013 11:00;27.2
17/06/2013 12:00;28.4
17/06/2013 13:00;29.8
17/06/2013 14:00;31.2
17/06/2013 15:00;31.7
17/06/2013 16:00;31.7
17/06/2013 17:00;31.6
17/06/2013 18:00;30.7
17/06/2013 19:00;29.3
17/06/2013 20:00;27.6
17/06/2013 21:00;26.4
17/06/2013 22:00;25.8
17/06/2013 23:00;24.8
18/06/2013 00:00;
18/06/2013 01:00;24.1
18/06/2013 02:00;23.5
18/06/2013 03:00;23.1
18/06/2013 04:00;23.3
18/06/2013 05:00;24.3
18/06/2013 06:00;25.7
18/06/2013 07:00;26.5
18/06/2013 00:08;
18/06/2013 09:00;28.1
18/06/2013 10:00;29.5
18/06/2013 11:00;30.4
18/06/2013 12:00;31.8
18/06/2013 13:00;32.4
18/06/2013 14:00;32.9
18/06/2013 00:15;
18/06/2013 16:00;32.1
18/06/2013 17:00;31.4
18/06/2013 18:00;31.2
18/06/2013 00:19;
18/06/2013 20:00;28.7
18/06/2013 21:00;28.1
18/06/2013 22:00;26.9
18/06/2013 23:00;26.3
19/06/2013 00:00;
19/06/2013 01:00;25.6
19/06/2013 02:00;24.6
19/06/2013 03:00;23.5
19/06/2013 04:00;23.2
19/06/2013 05:00;23.8
19/06/2013 06:00;26.3
19/06/2013 07:00;26.7
19/06/2013 08:00;26.9
19/06/2013 09:00;28.5
19/06/2013 10:00;30.1
19/06/2013 00:11;
19/06/2013 12:00;31.9
19/06/2013 13:00;32.5
19/06/2013 14:00;32.5
19/06/2013 15:00;33.1
19/06/2013 00:16;
19/06/2013 17:00;32.7
19/06/2013 18:00;32.2
19/06/2013 19:00;30.8
19/06/2013 20:00;29.4
19/06/2013 21:00;28.6
19/06/2013 22:00;27.7
19/06/2013 23:00;27.2
20/06/2013 00:00;26.7
20/06/2013 01:00;26.1
20/06/2013 02:00;25.2
20/06/2013 03:00;24.3
20/06/2013 04:00;23.8
20/06/2013 05:00;24.5
20/06/2013 06:00;25.5
20/06/2013 07:00;26.9
20/06/2013 08:00;27.9
20/06/2013 09:00;29.3
20/06/2013 10:00;30.5
20/06/2013 11:00;31.8
20/06/2013 12:00;32.7
20/06/2013 13:00;33.3
20/06/2013 14:00;33.5
20/06/2013 15:00;33.7
20/06/2013 16:00;33.7
20/06/2013 17:00;33.1
20/06/2013 18:00;31.9
20/06/2013 19:00;30.4
20/06/2013 20:00;28.8
20/06/2013 00:21;
20/06/2013 22:00;27.8
20/06/2013 23:00;26.9
21/06/2013 00:00;25.7
21/06/2013 01:00;24.7
21/06/2013 00:02;
21/06/2013 03:00;23.8
21/06/2013 04:00;24.2
21/06/2013 05:00;23.5
21/06/2013 06:00;23.6
21/06/2013 07:00;23.5
21/06/2013 08:00;23.4
21/06/2013 09:00;24.1
21/06/2013 10:00;24.9
21/06/2013 11:00;25.8
21/06/2013 12:00;26.7
21/06/2013 13:00;27.4
21/06/2013 14:00;28.5
21/06/2013 15:00;29.3
21/06/2013 16:00;28.9
21/06/2013 17:00;28.6
21/06/2013 00:18;
21/06/2013 19:00;27.3
21/06/2013 00:20;
21/06/2013 21:00;26.6
21/06/2013 22:00;25.5
21/06/2013 23:00;25.2
22/06/2013 00:00;24.8
22/06/2013 01:00;24.1
22/06/2013 00:02;
22/06/2013 00:03;
22/06/2013 04:00;21.4
22/06/2013 05:00;21.2
22/06/2013 06:00;21.8
22/06/2013 07:00;21.9
22/06/2013 08:00;22.4
22/06/2013 09:00;23.2
22/06/2013 10:00;24.1
22/06/2013 11:00;24.9
22/06/2013 12:00;25.3
22/06/2013 13:00;25.6
22/06/2013 14:00;26.4
22/06/2013 15:00;26.3
22/06/2013 16:00;25.7
22/06/2013 17:00;25.3
22/06/2013 00:18;
22/06/2013 19:00;21.9
22/06/2013 20:00;22.1
22/06/2013 21:00;22.2
22/06/2013 22:00;21.2
22/06/2013 23:00;20.5
23/06/2013 00:00;20.6
23/06/2013 01:00;20.5
23/06/2013 00:02;
23/06/2013 03:00;19.9
23/06/2013 00:04;
23/06/2013 05:00;20.5
23/06/2013 06:00;21.5
23/06/2013 07:00;22.1
23/06/2013 08:00;22.4
23/06/2013 09:00;22.8
23/06/2013 10:00;23.8
23/06/2013 11:00;24.4
23/06/2013 12:00;25.7
23/06/2013 13:00;26.1
23/06/2013 14:00;26.6
23/06/2013 00:15;
23/06/2013 16:00;27.3
23/06/2013 17:00;27.2
23/06/2013 18:00;26.4
23/06/2013 19:00;24.9
23/06/2013 20:00;23.9
23/06/2013 21:00;23.2
23/06/2013 22:00;22.8
23/06/2013 23:00;22.2
24/06/2013 00:00;16.9
24/06/2013 01:00;13.8
24/06/2013 02:00;13.5
24/06/2013 03:00;13.3
24/06/2013 04:00;13.4
24/06/2013 05:00;13.2
24/06/2013 06:00;13.5
24/06/2013 07:00;13.7
24/06/2013 00:08;
24/06/2013 09:00;12.7
24/06/2013 10:00;12.6
24/06/2013 11:00;12.6
24/06/2013 12:00;12.8
24/06/2013 13:00;12.9
24/06/2013 00:14;
24/06/2013 00:15;
24/06/2013 00:16;
24/06/2013 17:00;13.1
24/06/2013 18:00;13.2
24/06/2013 00:19;
24/06/2013 20:00;13.1
24/06/2013 21:00;13.3
24/06/2013 22:00;12.8
24/06/2013 23:00;12.8
25/06/2013 00:00;12.7
25/06/2013 01:00;12.7
25/06/2013 02:00;12.8
25/06/2013 03:00;12.8
25/06/2013 04:00;12.9
25/06/2013 05:00;13.2
25/06/2013 06:00;13.5
25/06/2013 07:00;13.9
25/06/2013 08:00;14.1
25/06/2013 00:09;
25/06/2013 10:00;14.4
25/06/2013 11:00;15.1
25/06/2013 12:00;15.4
25/06/2013 13:00;15.1
25/06/2013 14:00;15.4
25/06/2013 15:00;15.6
25/06/2013 16:00;15.7
25/06/2013 17:00;15.9
25/06/2013 00:18;
25/06/2013 19:00;15.2
25/06/2013 20:00;14.7
25/06/2013 21:00;13.7
25/06/2013 22:00;13.5
25/06/2013 23:00;13.4
26/06/2013 00:00;13.2
26/06/2013 01:00;13.1
26/06/2013 02:00;12.5
26/06/2013 03:00;12.2
26/06/2013 04:00;12.1
26/06/2013 05:00;12.4
26/06/2013 06:00;12.9
26/06/2013 07:00;13.2
26/06/2013 08:00;13.6
26/06/2013 09:00;13.8
26/06/2013 10:00;14.3
26/06/2013 11:00;14.2
26/06/2013 12:00;14.2
26/06/2013 13:00;13.7
26/06/2013 14:00;12.9
26/06/2013 15:00;14.1
26/06/2013 16:00;14.5
26/06/2013 17:00;14.1
26/06/2013 00:18;
26/06/2013 19:00;12.9
26/06/2013 20:00;12.2
26/06/2013 21:00;11.8
26/06/2013 22:00;11.8
26/06/2013 23:00;11.5
27/06/2013 00:00;11.2
27/06/2013 00:01;
27/06/2013 02:00;10.9
27/06/2013 03:00;10.5
27/06/2013 04:00;10.6
27/06/2013 05:00;11.7
27/06/2013 06:00;12.7
27/06/2013 00:07;
27/06/2013 08:00;13.9
27/06/2013 09:00;14.7
27/06/2013 10:00;15.2
27/06/2013 11:00;15.6
27/06/2013 12:00;16.2
27/06/2013 13:00;16.7
27/06/2013 14:00;17.2
27/06/2013 15:00;17.4
27/06/2013 00:16;
27/06/2013 17:00;16.8
27/06/2013 18:00;16.5
27/06/2013 00:19;
27/06/2013 20:00;15.2
27/06/2013 21:00;14.7
27/06/2013 22:00;13.9
27/06/2013 23:00;12.9
28/06/2013 00:00;12.2
28/06/2013 01:00;11.8
28/06/2013 00:02;
28/06/2013 03:00;11.3
28/06/2013 04:00;12.2
28/06/2013 05:00;12.6
28/06/2013 06:00;13.3
28/06/2013 07:00;14.3
28/06/2013 08:00;15.5
28/06/2013 09:00;16.3
28/06/2013 00:10;
28/06/2013 11:00;17.8
28/06/2013 12:00;18.3
28/06/2013 13:00;18.9
28/06/2013 14:00;19.4
28/06/2013 15:00;19.9
28/06/2013 16:00;19.8
28/06/2013 17:00;19.6
28/06/2013 18:00;18.7
28/06/2013 19:00;17.3
28/06/2013 00:20;
28/06/2013 21:00;15.5
28/06/2013 22:00;15.5
28/06/2013 23:00;15.6
29/06/2013 00:00;15.4
29/06/2013 00:01;
29/06/2013 02:00;14.7
29/06/2013 03:00;14.3
29/06/2013 04:00;14.1
29/06/2013 05:00;14.5
29/06/2013 06:00;15.7
29/06/2013 07:00;16.7
29/06/2013 08:00;17.4
29/06/2013 09:00;18.3
29/06/2013 00:10;
29/06/2013 11:00;19.9
29/06/2013 12:00;20.3
29/06/2013 13:00;20.6
29/06/2013 14:00;20.9
29/06/2013 15:00;21.1
29/06/2013 16:00;21.3
29/06/2013 17:00;21.3
29/06/2013 18:00;20.6
29/06/2013 00:19;
29/06/2013 20:00;17.3
29/06/2013 00:21;
29/06/2013 22:00;16.5
29/06/2013 00:23;
30/06/2013 00:00;15.7
30/06/2013 01:00;15.5
30/06/2013 02:00;15.2
30/06/2013 00:03;
30/06/2013 04:00;14.8
30/06/2013 05:00;14.9
30/06/2013 06:00;15.6
30/06/2013 07:00;15.2
30/06/2013 08:00;14.8
30/06/2013 09:00;15.2
30/06/2013 10:00;15.5
30/06/2013 11:00;16.1
30/06/2013 12:00;17.7
30/06/2013 13:00;19.3
30/06/2013 14:00;19.7
30/06/2013 15:00;20.5
30/06/2013 16:00;20.3
30/06/2013 17:00;20.4
30/06/2013 18:00;19.6
30/06/2013 00:19;
30/06/2013 20:00;17.8
30/06/2013 21:00;17.2
30/06/2013 22:00;16.8
30/06/2013 23:00;15.9
01/07/2013 00:00;15.1
01/07/2013 01:00;14.6
01/07/2013 02:00;14.1
01/07/2013 03:00;13.7
01/07/2013 04:00;13.7
01/07/2013 05:00;14.6
01/07/2013 06:00;16.1
01/07/2013 07:00;17.5
01/07/2013 08:00;18.4
01/07/2013 09:00;18.9
01/07/2013 10:00;19.7
01/07/2013 00:11;
01/07/2013 12:00;22.2
01/07/2013 13:00;23.2
01/07/2013 14:00;23.4
01/07/2013 15:00;24.3
01/07/2013 16:00;25.1
01/07/2013 00:17;
01/07/2013 18:00;23.8
01/07/2013 19:00;22.6
01/07/2013 20:00;21.1
01/07/2013 21:00;20.6
01/07/2013 22:00;19.7
01/07/2013 23:00;19.2
02/07/2013 00:00;18.7
02/07/2013 01:00;17.8
02/07/2013 02:00;16.8
02/07/2013 03:00;16.2
02/07/2013 04:00;16.3
02/07/2013 05:00;16.7
02/07/2013 06:00;17.8
02/07/2013 07:00;18.7
02/07/2013 08:00;19.8
02/07/2013 09:00;21.7
02/07/2013 10:00;23.9
02/07/2013 11:00;25.1
02/07/2013 12:00;26.6
02/07/2013 13:00;26.7
02/07/2013 14:00;27.3
02/07/2013 15:00;27.9
02/07/2013 16:00;27.7
02/07/2013 17:00;27.3
02/07/2013 18:00;27.1
02/07/2013 19:00;25.5
02/07/2013 00:20;
02/07/2013 21:00;22.8
02/07/2013 22:00;21.7
02/07/2013 23:00;20.4
03/07/2013 00:00;19.9
03/07/2013 01:00;19.6
03/07/2013 02:00;18.8
03/07/2013 03:00;18.3
03/07/2013 04:00;17.6
03/07/2013 05:00;18.6
03/07/2013 06:00;20.9
03/07/2013 07:00;21.4
03/07/2013 08:00;22.4
03/07/2013 09:00;23.7
03/07/2013 00:10;
03/07/2013 11:00;25.6
03/07/2013 12:00;26.8
03/07/2013 13:00;27.5
03/07/2013 14:00;27.9
03/07/2013 15:00;28.3
03/07/2013 16:00;28.2
03/07/2013 17:00;27.9
03/07/2013 18:00;26.6
03/07/2013 19:00;25.1
03/07/2013 20:00;23.6
03/07/2013 21:00;21.2
03/07/2013 00:22;
03/07/2013 23:00;20.1
04/07/2013 00:00;19.9
04/07/2013 01:00;19.6
04/07/2013 02:00;19.3
04/07/2013 03:00;19.1
04/07/2013 04:00;19.1
04/07/2013 05:00;19.7
04/07/2013 06:00;20.8
04/07/2013 07:00;21.5
04/07/2013 08:00;21.9
04/07/2013 09:00;22.3
04/07/2013 10:00;23.2
04/07/2013 11:00;23.9
04/07/2013 12:00;24.1
04/07/2013 13:00;25.4
04/07/2013 14:00;25.2
04/07/2013 15:00;25.9
04/07/2013 16:00;26.5
04/07/2013 17:00;26.4
04/07/2013 18:00;26.2
04/07/2013 19:00;25.6
04/07/2013 20:00;24.1
04/07/2013 21:00;22.8
04/07/2013 22:00;22.2
04/07/2013 23:00;21.9
05/07/2013 00:00;21.4
05/07/2013 01:00;20.8
05/07/2013 02:00;20.4
05/07/2013 03:00;20.1
05/07/2013 00:04;
05/07/2013 05:00;20.5
05/07/2013 06:00;21.2
05/07/2013 07:00;22.1
05/07/2013 08:00;22.7
05/07/2013 09:00;23.3
05/07/2013 10:00;24.4
05/07/2013 11:00;25.1
05/07/2013 12:00;25.6
05/07/2013 13:00;26.2
05/07/2013 14:00;26.7
05/07/2013 15:00;26.3
05/07/2013 16:00;25.5
05/07/2013 17:00;24.7
05/07/2013 18:00;23.5
05/07/2013 19:00;22.8
05/07/2013 20:00;22.4
05/07/2013 21:00;22.5
05/07/2013 00:22;
05/07/2013 23:00;21.4
06/07/2013 00:00;
06/07/2013 01:00;20.6
06/07/2013 02:00;20.3
06/07/2013 03:00;20.1
06/07/2013 00:04;
06/07/2013 05:00;20.4
06/07/2013 06:00;20.6
06/07/2013 07:00;20.8
06/07/2013 08:00;21.3
06/07/2013 09:00;21.6
06/07/2013 10:00;22.5
06/07/2013 11:00;23.3
06/07/2013 00:12;
06/07/2013 13:00;24.9
06/07/2013 14:00;25.1
06/07/2013 00:15;
06/07/2013 16:00;25.4
06/07/2013 17:00;24.9
06/07/2013 18:00;24.5
06/07/2013 19:00;23.6
06/07/2013 20:00;22.9
06/07/2013 21:00;22.3
06/07/2013 22:00;21.7
06/07/2013 23:00;21.2
07/07/2013 00:00;20.6
07/07/2013 00:01;
07/07/2013 02:00;19.8
07/07/2013 03:00;19.6
07/07/2013 04:00;19.2
07/07/2013 05:00;19.5
07/07/2013 06:00;19.9
07/07/2013 07:00;20.4
07/07/2013 08:00;21.1
07/07/2013 09:00;22.1
07/07/2013 10:00;23.2
07/07/2013 11:00;24.4
07/07/2013 12:00;25.1
07/07/2013 13:00;25.7
07/07/2013 14:00;26.2
07/07/2013 15:00;26.3
07/07/2013 16:00;26.4
07/07/2013 17:00;26.3
07/07/2013 18:00;25.7
07/07/2013 19:00;24.7
07/07/2013 20:00;23.5
07/07/2013 21:00;22.6
07/07/2013 22:00;22.2
07/07/2013 23:00;21.6
08/07/2013 00:00;20.9
08/07/2013 01:00;20.1
08/07/2013 02:00;19.7
08/07/2013 03:00;19.4
08/07/2013 04:00;19.1
08/07/2013 05:00;19.6
08/07/2013 06:00;20.1
08/07/2013 07:00;20.8
08/07/2013 08:00;21.4
08/07/2013 00:09;
08/07/2013 10:00;22.8
08/07/2013 11:00;23.5
08/07/2013 12:00;24.2
08/07/2013 13:00;24.7
08/07/2013 14:00;25.1
08/07/2013 15:00;25.6
08/07/2013 16:00;25.8
08/07/2013 17:00;25.7
08/07/2013 18:00;25.5
08/07/2013 19:00;24.6
08/07/2013 20:00;23.4
08/07/2013 21:00;22.7
08/07/2013 22:00;22.3
08/07/2013 23:00;21.8
09/07/2013 00:00;21.2
09/07/2013 01:00;20.7
09/07/2013 00:02;
09/07/2013 03:00;19.3
09/07/2013 04:00;18.8
09/07/2013 05:00;19.4
09/07/2013 00:06;
09/07/2013 07:00;20.9
09/07/2013 08:00;21.6
09/07/2013 09:00;22.5
09/07/2013 10:00;23.5
09/07/2013 11:00;24.6
09/07/2013 12:00;25.8
09/07/2013 13:00;26.6
09/07/2013 14:00;27.4
09/07/2013 15:00;27.5
09/07/2013 16:00;27.9
09/07/2013 17:00;27.9
09/07/2013 18:00;27.4
09/07/2013 19:00;26.4
09/07/2013 20:00;25.2
09/07/2013 21:00;24.2
09/07/2013 22:00;21.8
09/07/2013 23:00;20.9
10/07/2013 00:00;20.1
10/07/2013 01:00;19.6
10/07/2013 02:00;19.2
10/07/2013 03:00;19.6
10/07/2013 04:00;19.3
10/07/2013 05:00;20.1
10/07/2013 06:00;21.2
10/07/2013 07:00;22.7
10/07/2013 08:00;23.6
10/07/2013 09:00;24.9
10/07/2013 10:00;25.6
10/07/2013 11:00;26.4
10/07/2013 12:00;26.9
10/07/2013 13:00;27.1
10/07/2013 14:00;27.7
10/07/2013 15:00;27.6
10/07/2013 16:00;28.1
10/07/2013 17:00;27.7
10/07/2013 18:00;27.3
10/07/2013 00:19;
10/07/2013 00:20;
10/07/2013 21:00;24.5
10/07/2013 00:22;
10/07/2013 23:00;23.4
11/07/2013 00:00;21.9
11/07/2013 01:00;21.3
11/07/2013 02:00;19.4
11/07/2013 03:00;16.9
11/07/2013 04:00;16.9
11/07/2013 05:00;17.3
11/07/2013 06:00;17.5
11/07/2013 07:00;18.1
11/07/2013 08:00;18.5
11/07/2013 09:00;18.9
11/07/2013 10:00;20.1
11/07/2013 11:00;20.2
11/07/2013 12:00;20.8
11/07/2013 13:00;21.1
11/07/2013 14:00;21.6
11/07/2013 15:00;21.8
11/07/2013 16:00;21.2
11/07/2013 17:00;20.6
11/07/2013 18:00;19.8
11/07/2013 19:00;19.1
11/07/2013 20:00;18.3
11/07/2013 21:00;17.5
11/07/2013 00:22;
11/07/2013 23:00;17.2
12/07/2013 00:00;17.2
12/07/2013 00:01;
12/07/2013 02:00;17.2
12/07/2013 03:00;17.2
12/07/2013 04:00;17.1
12/07/2013 00:05;
12/07/2013 06:00;17.3
12/07/2013 07:00;18.3
12/07/2013 08:00;19.2
12/07/2013 09:00;19.8
12/07/2013 10:00;20.8
12/07/2013 11:00;21.4
12/07/2013 12:00;21.8
12/07/2013 13:00;21.9
12/07/2013 14:00;22.2
12/07/2013 15:00;22.7
12/07/2013 16:00;22.9
12/07/2013 17:00;22.7
12/07/2013 18:00;22.8
12/07/2013 19:00;22.1
12/07/2013 20:00;20.9
12/07/2013 21:00;19.9
12/07/2013 22:00;19.3
12/07/2013 00:23;
13/07/2013 00:00;18.5
13/07/2013 01:00;18.3
13/07/2013 02:00;17.2
13/07/2013 03:00;16.4
13/07/2013 04:00;16.2
13/07/2013 05:00;17.1
13/07/2013 06:00;18.9
13/07/2013 07:00;19.6
13/07/2013 08:00;20.1
13/07/2013 09:00;20.8
13/07/2013 10:00;21.5
13/07/2013 11:00;22.2
13/07/2013 00:12;
13/07/2013 13:00;22.5
13/07/2013 14:00;22.8
13/07/2013 15:00;22.7
13/07/2013 16:00;23.4
13/07/2013 17:00;23.7
13/07/2013 18:00;23.5
13/07/2013 19:00;22.9
13/07/2013 20:00;22.3
13/07/2013 21:00;21.3
13/07/2013 22:00;20.6
13/07/2013 23:00;19.1
14/07/2013 00:00;18.7
14/07/2013 00:01;
14/07/2013 02:00;18.9
14/07/2013 03:00;18.3
14/07/2013 04:00;17.8
14/07/2013 05:00;18.7
14/07/2013 06:00;19.2
14/07/2013 07:00;19.6
14/07/2013 00:08;
14/07/2013 00:09;
14/07/2013 10:00;21.9
14/07/2013 11:00;22.9
14/07/2013 12:00;23.6
14/07/2013 13:00;24.5
14/07/2013 14:00;24.9
14/07/2013 15:00;25.5
14/07/2013 16:00;25.7
14/07/2013 17:00;25.2
14/07/2013 18:00;24.9
14/07/2013 19:00;24.1
14/07/2013 20:00;22.9
14/07/2013 21:00;22.2
14/07/2013 22:00;21.5
14/07/2013 23:00;20.8
15/07/2013 00:00;20.1
15/07/2013 00:01;
15/07/2013 02:00;20.4
15/07/2013 00:03;
15/07/2013 04:00;19.6
15/07/2013 05:00;19.5
15/07/2013 06:00;19.4
15/07/2013 07:00;19.6
15/07/2013 08:00;19.9
15/07/2013 09:00;20.4
15/07/2013 10:00;21.5
15/07/2013 11:00;22.9
15/07/2013 12:00;23.8
15/07/2013 13:00;23.8
15/07/2013 14:00;24.2
15/07/2013 15:00;24.3
15/07/2013 16:00;24.4
15/07/2013 17:00;24.1
15/07/2013 00:18;
15/07/2013 19:00;21.7
15/07/2013 20:00;20.3
15/07/2013 21:00;19.2
15/07/2013 22:00;18.7
15/07/2013 00:23;
16/07/2013 00:00;17.5
16/07/2013 00:01;
16/07/2013 02:00;16.6
16/07/2013 03:00;15.9
16/07/2013 04:00;15.8
16/07/2013 05:00;17.1
16/07/2013 06:00;17.9
16/07/2013 07:00;18.9
16/07/2013 08:00;19.6
16/07/2013 09:00;20.5
16/07/2013 10:00;21.2
16/07/2013 11:00;22.3
16/07/2013 12:00;23.3
16/07/2013 13:00;24.2
16/07/2013 14:00;24.7
16/07/2013 15:00;25.7
16/07/2013 16:00;25.8
16/07/2013 17:00;25.7
16/07/2013 18:00;25.6
16/07/2013 00:19;
16/07/2013 20:00;23.7
16/07/2013 21:00;21.4
16/07/2013 22:00;19.4
16/07/2013 23:00;18.6
17/07/2013 00:00;
17/07/2013 01:00;17.4
17/07/2013 02:00;17.5
17/07/2013 03:00;17.2
17/07/2013 04:00;16.7
17/07/2013 05:00;19.2
17/07/2013 06:00;21.3
17/07/2013 07:00;21.7
17/07/2013 08:00;22.1
17/07/2013 09:00;23.1
17/07/2013 10:00;25.3
17/07/2013 00:11;
17/07/2013 12:00;26.7
17/07/2013 13:00;27.1
17/07/2013 14:00;27.9
17/07/2013 15:00;28.3
17/07/2013 16:00;28.6
17/07/2013 00:17;
17/07/2013 18:00;28.4
17/07/2013 19:00;27.7
17/07/2013 20:00;26.3
17/07/2013 00:21;
17/07/2013 00:22;
17/07/2013 23:00;21.7
18/07/2013 00:00;20.7
18/07/2013 01:00;19.9
18/07/2013 02:00;19.4
18/07/2013 03:00;19.2
18/07/2013 04:00;18.4
18/07/2013 05:00;19.4
18/07/2013 06:00;21.5
18/07/2013 07:00;23.8
18/07/2013 08:00;24.7
18/07/2013 09:00;25.4
18/07/2013 10:00;26.5
18/07/2013 11:00;27.6
18/07/2013 12:00;29.2
18/07/2013 13:00;28.5
18/07/2013 14:00;29.5
18/07/2013 15:00;30.1
18/07/2013 16:00;29.1
18/07/2013 17:00;28.8
18/07/2013 18:00;28.3
18/07/2013 19:00;27.4
18/07/2013 20:00;26.4
18/07/2013 21:00;25.5
18/07/2013 22:00;24.7
18/07/2013 00:23;
19/07/2013 00:00;23.2
19/07/2013 01:00;22.7
19/07/2013 02:00;22.3
19/07/2013 00:03;
19/07/2013 04:00;21.4
19/07/2013 05:00;21.5
19/07/2013 06:00;21.9
19/07/2013 07:00;22.3
19/07/2013 08:00;24.2
19/07/2013 09:00;25.4
19/07/2013 10:00;26.1
19/07/2013 11:00;27.5
19/07/2013 12:00;28.4
19/07/2013 13:00;28.9
19/07/2013 00:14;
19/07/2013 15:00;30.1
19/07/2013 00:16;
19/07/2013 17:00;29.6
19/07/2013 18:00;29.2
19/07/2013 19:00;28.4
19/07/2013 00:20;
19/07/2013 21:00;26.1
19/07/2013 22:00;25.9
19/07/2013 23:00;25.1
20/07/2013 00:00;24.2
20/07/2013 01:00;23.6
20/07/2013 02:00;22.4
20/07/2013 03:00;21.7
20/07/2013 04:00;21.1
20/07/2013 05:00;21.3
20/07/2013 00:06;
20/07/2013 07:00;22.6
20/07/2013 08:00;23.3
20/07/2013 09:00;24.3
20/07/2013 10:00;24.8
20/07/2013 11:00;25.7
20/07/2013 12:00;26.2
20/07/2013 13:00;26.6
20/07/2013 14:00;26.9
20/07/2013 15:00;26.8
20/07/2013 16:00;26.7
20/07/2013 17:00;26.7
20/07/2013 00:18;
20/07/2013 19:00;25.1
20/07/2013 20:00;24.3
20/07/2013 21:00;23.6
20/07/2013 22:00;22.5
20/07/2013 23:00;21.7
21/07/2013 00:00;21.1
21/07/2013 01:00;20.7
21/07/2013 02:00;20.3
21/07/2013 03:00;19.7
21/07/2013 04:00;19.5
21/07/2013 05:00;19.9
21/07/2013 06:00;20.6
21/07/2013 07:00;20.8
21/07/2013 08:00;21.2
21/07/2013 09:00;22.1
21/07/2013 00:10;
21/07/2013 00:11;
21/07/2013 12:00;24.5
21/07/2013 13:00;25.5
21/07/2013 00:14;
21/07/2013 15:00;26.5
21/07/2013 16:00;26.9
21/07/2013 00:17;
21/07/2013 18:00;26.8
21/07/2013 19:00;25.7
21/07/2013 20:00;24.4
21/07/2013 21:00;23.8
21/07/2013 22:00;23.1
21/07/2013 23:00;22.7
22/07/2013 00:00;
22/07/2013 01:00;20.6
22/07/2013 02:00;18.9
22/07/2013 03:00;17.7
22/07/2013 04:00;17.6
22/07/2013 05:00;18.4
22/07/2013 06:00;20.7
22/07/2013 07:00;21.3
22/07/2013 08:00;22.3
22/07/2013 09:00;23.5
22/07/2013 10:00;24.8
22/07/2013 11:00;26.1
22/07/2013 12:00;27.1
22/07/2013 13:00;28.1
22/07/2013 14:00;28.6
22/07/2013 15:00;29.4
22/07/2013 16:00;29.6
22/07/2013 17:00;29.3
22/07/2013 18:00;29.2
22/07/2013 19:00;28.8
22/07/2013 20:00;26.2
22/07/2013 00:21;
22/07/2013 22:00;22.8
22/07/2013 23:00;22.1
23/07/2013 00:00;
23/07/2013 01:00;20.5
23/07/2013 02:00;19.8
23/07/2013 00:03;
23/07/2013 04:00;19.3
23/07/2013 05:00;21.3
23/07/2013 06:00;22.2
23/07/2013 07:00;24.6
23/07/2013 08:00;25.6
23/07/2013 09:00;27.1
23/07/2013 10:00;27.9
23/07/2013 11:00;28.6
23/07/2013 12:00;28.9
23/07/2013 13:00;29.7
23/07/2013 00:14;
23/07/2013 15:00;30.6
23/07/2013 00:16;
23/07/2013 17:00;31.3
23/07/2013 00:18;
23/07/2013 19:00;29.6
23/07/2013 20:00;28.2
23/07/2013 21:00;27.2
23/07/2013 22:00;25.8
23/07/2013 23:00;24.7
24/07/2013 00:00;23.2
24/07/2013 01:00;22.5
24/07/2013 00:02;
24/07/2013 03:00;21.6
24/07/2013 04:00;21.3
24/07/2013 05:00;21.5
24/07/2013 00:06;
24/07/2013 07:00;23.1
24/07/2013 08:00;23.8
24/07/2013 09:00;25.3
24/07/2013 10:00;26.9
24/07/2013 00:11;
24/07/2013 12:00;29.5
24/07/2013 13:00;30.4
24/07/2013 14:00;30.3
24/07/2013 00:15;
24/07/2013 16:00;31.2
24/07/2013 17:00;29.8
24/07/2013 18:00;29.5
24/07/2013 19:00;28.7
24/07/2013 20:00;27.4
24/07/2013 21:00;26.2
24/07/2013 22:00;24.9
24/07/2013 00:23;
25/07/2013 00:00;24.2
25/07/2013 01:00;23.5
25/07/2013 02:00;23.2
25/07/2013 00:03;
25/07/2013 04:00;22.8
25/07/2013 05:00;22.7
25/07/2013 06:00;22.6
25/07/2013 07:00;22.9
25/07/2013 08:00;23.2
25/07/2013 09:00;24.3
25/07/2013 10:00;25.4
25/07/2013 11:00;26.5
25/07/2013 00:12;
25/07/2013 13:00;27.9
25/07/2013 14:00;28.8
25/07/2013 15:00;29.3
25/07/2013 16:00;27.9
25/07/2013 17:00;28.1
25/07/2013 18:00;27.9
25/07/2013 19:00;27.2
25/07/2013 20:00;25.9
25/07/2013 21:00;25.4
25/07/2013 22:00;23.9
25/07/2013 23:00;23.2
26/07/2013 00:00;22.3
26/07/2013 01:00;22.4
26/07/2013 00:02;
26/07/2013 03:00;21.7
26/07/2013 04:00;21.1
26/07/2013 00:05;
26/07/2013 06:00;24.3
26/07/2013 07:00;25.4
26/07/2013 08:00;25.1
26/07/2013 09:00;26.9
26/07/2013 10:00;27.8
26/07/2013 11:00;28.8
26/07/2013 12:00;30.1
26/07/2013 13:00;30.1
26/07/2013 14:00;31.1
26/07/2013 15:00;31.9
26/07/2013 16:00;31.6
26/07/2013 17:00;31.7
26/07/2013 18:00;30.6
26/07/2013 19:00;29.9
26/07/2013 20:00;29.2
26/07/2013 21:00;28.5
26/07/2013 22:00;27.1
26/07/2013 23:00;25.8
27/07/2013 00:00;25.5
27/07/2013 01:00;24.4
27/07/2013 02:00;23.3
27/07/2013 03:00;23.2
27/07/2013 04:00;22.8
27/07/2013 05:00;23.9
27/07/2013 06:00;25.1
27/07/2013 07:00;25.9
27/07/2013 08:00;27.2
27/07/2013 09:00;28.8
27/07/2013 00:10;
27/07/2013 11:00;31.7
27/07/2013 12:00;32.3
27/07/2013 13:00;33.1
27/07/2013 14:00;33.4
27/07/2013 00:15;
27/07/2013 00:16;
27/07/2013 17:00;34.5
27/07/2013 18:00;34.4
27/07/2013 19:00;32.8
27/07/2013 20:00;31.2
27/07/2013 21:00;29.6
27/07/2013 22:00;28.7
27/07/2013 23:00;27.7
28/07/2013 00:00;27.3
28/07/2013 01:00;26.5
28/07/2013 02:00;25.9
28/07/2013 03:00;25.3
28/07/2013 04:00;24.9
28/07/2013 05:00;24.4
28/07/2013 06:00;25.8
28/07/2013 07:00;26.8
28/07/2013 00:08;
28/07/2013 09:00;29.8
28/07/2013 10:00;31.9
28/07/2013 00:11;
28/07/2013 12:00;34.5
28/07/2013 13:00;35.3
28/07/2013 14:00;36.4
28/07/2013 15:00;36.7
28/07/2013 16:00;36.6
28/07/2013 17:00;35.9
28/07/2013 18:00;34.9
28/07/2013 00:19;
28/07/2013 20:00;31.3
28/07/2013 21:00;30.3
28/07/2013 22:00;29.8
28/07/2013 23:00;29.2
29/07/2013 00:00;28.8
29/07/2013 00:01;
29/07/2013 02:00;27.2
29/07/2013 03:00;25.3
29/07/2013 04:00;24.4
29/07/2013 05:00;24.2
29/07/2013 06:00;24.6
29/07/2013 07:00;25.2
29/07/2013 08:00;25.8
29/07/2013 09:00;26.1
29/07/2013 10:00;26.7
29/07/2013 11:00;27.5
29/07/2013 12:00;28.4
29/07/2013 13:00;29.8
29/07/2013 14:00;31.7
29/07/2013 15:00;31.6
29/07/2013 00:16;
29/07/2013 17:00;31.9
29/07/2013 18:00;31.1
29/07/2013 19:00;25.5
29/07/2013 20:00;24.6
29/07/2013 21:00;23.9
29/07/2013 22:00;23.2
29/07/2013 23:00;20.9
30/07/2013 00:00;20.1
30/07/2013 01:00;19.4
30/07/2013 02:00;19.3
30/07/2013 03:00;19.2
30/07/2013 04:00;18.8
30/07/2013 05:00;18.7
30/07/2013 06:00;19.1
30/07/2013 07:00;20.3
30/07/2013 08:00;20.3
30/07/2013 09:00;20.2
30/07/2013 10:00;21.8
30/07/2013 11:00;23.1
30/07/2013 00:12;
30/07/2013 00:13;
30/07/2013 14:00;25.4
30/07/2013 15:00;26.1
30/07/2013 16:00;26.5
30/07/2013 17:00;26.1
30/07/2013 18:00;24.6
30/07/2013 19:00;22.9
30/07/2013 00:20;
30/07/2013 21:00;21.6
30/07/2013 22:00;21.5
30/07/2013 23:00;21.3
31/07/2013 00:00;20.8
31/07/2013 01:00;20.6
31/07/2013 02:00;20.3
31/07/2013 03:00;20.4
31/07/2013 04:00;20.5
31/07/2013 05:00;20.9
31/07/2013 06:00;22.3
31/07/2013 00:07;
31/07/2013 08:00;23.5
31/07/2013 09:00;24.3
31/07/2013 10:00;24.9
31/07/2013 00:11;
31/07/2013 12:00;25.8
31/07/2013 13:00;26.2
31/07/2013 14:00;25.3
31/07/2013 15:00;26.6
31/07/2013 16:00;26.7
31/07/2013 17:00;25.8
31/07/2013 18:00;25.4
31/07/2013 19:00;24.7
31/07/2013 20:00;24.3
31/07/2013 21:00;23.7
31/07/2013 22:00;23.2
31/07/2013 23:00;22.2
01/08/2013 00:00;21.5
01/08/2013 01:00;21.3
01/08/2013 02:00;21.9
01/08/2013 03:00;21.3
01/08/2013 04:00;20.6
01/08/2013 05:00;21.2
01/08/2013 06:00;22.2
01/08/2013 07:00;23.2
01/08/2013 08:00;23.5
01/08/2013 09:00;23.9
01/08/2013 10:00;25.1
01/08/2013 11:00;26.3
01/08/2013 12:00;26.9
01/08/2013 13:00;27.9
01/08/2013 14:00;28.5
01/08/2013 15:00;28.7
01/08/2013 16:00;29.4
01/08/2013 17:00;29.9
01/08/2013 18:00;30.8
01/08/2013 19:00;28.3
01/08/2013 20:00;26.9
01/08/2013 21:00;26.3
01/08/2013 22:00;24.7
01/08/2013 23:00;23.5
02/08/2013 00:00;23.1
02/08/2013 01:00;22.4
02/08/2013 02:00;21.9
02/08/2013 03:00;20.8
02/08/2013 04:00;20.3
02/08/2013 05:00;21.8
02/08/2013 06:00;22.3
02/08/2013 07:00;23.3
02/08/2013 08:00;24.1
02/08/2013 09:00;26.2
02/08/2013 10:00;28.3
02/08/2013 11:00;29.8
02/08/2013 12:00;31.5
02/08/2013 13:00;32.2
02/08/2013 14:00;32.8
02/08/2013 15:00;33.3
02/08/2013 16:00;33.9
02/08/2013 17:00;34.7
02/08/2013 18:00;34.4
02/08/2013 19:00;32.5
02/08/2013 20:00;30.5
02/08/2013 21:00;28.9
02/08/2013 22:00;27.4
02/08/2013 23:00;26.5
03/08/2013 00:00;25.7
03/08/2013 01:00;24.8
03/08/2013 02:00;23.4
03/08/2013 00:03;
03/08/2013 04:00;22.7
03/08/2013 05:00;23.2
03/08/2013 06:00;25.1
03/08/2013 07:00;26.7
03/08/2013 08:00;26.7
03/08/2013 09:00;28.8
03/08/2013 00:10;
03/08/2013 11:00;32.5
03/08/2013 12:00;33.8
03/08/2013 13:00;35.4
03/08/2013 14:00;36.4
03/08/2013 15:00;36.6
03/08/2013 16:00;36.6
03/08/2013 17:00;36.1
03/08/2013 18:00;35.5
03/08/2013 19:00;34.1
03/08/2013 20:00;31.3
03/08/2013 21:00;29.7
03/08/2013 22:00;29.3
03/08/2013 23:00;27.2
04/08/2013 00:00;26.3
04/08/2013 01:00;25.3
04/08/2013 02:00;26.5
04/08/2013 03:00;26.7
04/08/2013 04:00;26.3
04/08/2013 05:00;26.3
04/08/2013 00:06;
04/08/2013 07:00;27.2
04/08/2013 00:08;
04/08/2013 09:00;27.7
04/08/2013 10:00;28.8
04/08/2013 11:00;30.2
04/08/2013 12:00;31.5
04/08/2013 13:00;32.6
04/08/2013 14:00;33.1
04/08/2013 15:00;32.1
04/08/2013 16:00;32.6
04/08/2013 17:00;32.4
04/08/2013 18:00;30.9
04/08/2013 19:00;29.7
04/08/2013 20:00;24.1
04/08/2013 21:00;21.6
04/08/2013 22:00;21.6
04/08/2013 23:00;21.4
05/08/2013 00:00;21.4
05/08/2013 00:01;
05/08/2013 02:00;20.9
05/08/2013 03:00;20.4
05/08/2013 04:00;20.4
05/08/2013 05:00;20.7
05/08/2013 06:00;21.9
05/08/2013 07:00;22.6
05/08/2013 08:00;23.7
05/08/2013 09:00;25.1
05/08/2013 10:00;26.1
05/08/2013 11:00;27.1
05/08/2013 00:12;
05/08/2013 13:00;28.6
05/08/2013 14:00;29.6
05/08/2013 15:00;31.2
05/08/2013 16:00;30.9
05/08/2013 17:00;30.6
05/08/2013 18:00;30.1
05/08/2013 19:00;29.1
05/08/2013 20:00;28.2
05/08/2013 21:00;27.1
05/08/2013 22:00;26.4
05/08/2013 23:00;25.6
06/08/2013 00:00;24.5
06/08/2013 01:00;24.2
06/08/2013 02:00;24.1
06/08/2013 03:00;22.8
06/08/2013 04:00;22.8
06/08/2013 05:00;22.8
06/08/2013 06:00;23.9
06/08/2013 07:00;25.7
06/08/2013 08:00;26.7
06/08/2013 09:00;28.2
06/08/2013 10:00;29.7
06/08/2013 11:00;31.3
06/08/2013 12:00;32.5
06/08/2013 13:00;33.8
06/08/2013 00:14;
06/08/2013 15:00;35.4
06/08/2013 16:00;35.7
06/08/2013 17:00;35.4
06/08/2013 18:00;34.4
06/08/2013 19:00;32.5
06/08/2013 20:00;31.3
06/08/2013 21:00;30.2
06/08/2013 22:00;29.4
06/08/2013 23:00;28.4
07/08/2013 00:00;27.7
07/08/2013 01:00;24.8
07/08/2013 02:00;24.2
07/08/2013 03:00;23.3
07/08/2013 04:00;22.9
07/08/2013 00:05;
07/08/2013 06:00;23.8
07/08/2013 07:00;25.7
07/08/2013 08:00;26.5
07/08/2013 09:00;26.7
07/08/2013 10:00;28.4
07/08/2013 11:00;30.7
07/08/2013 12:00;32.1
07/08/2013 13:00;33.5
07/08/2013 14:00;34.6
07/08/2013 15:00;35.4
07/08/2013 16:00;35.9
07/08/2013 17:00;35.5
07/08/2013 18:00;34.3
07/08/2013 19:00;32.6
07/08/2013 20:00;31.3
07/08/2013 21:00;30.5
07/08/2013 22:00;29.8
07/08/2013 00:23;
08/08/2013 00:00;28.3
08/08/2013 01:00;27.4
08/08/2013 02:00;26.6
08/08/2013 03:00;25.8
08/08/2013 00:04;
08/08/2013 05:00;25.2
08/08/2013 00:06;
08/08/2013 07:00;26.6
08/08/2013 08:00;27.7
08/08/2013 09:00;29.2
08/08/2013 10:00;30.4
08/08/2013 11:00;32.5
08/08/2013 12:00;35.4
08/08/2013 13:00;37.2
08/08/2013 14:00;38.2
08/08/2013 15:00;38.2
08/08/2013 16:00;38.8
08/08/2013 17:00;37.9
08/08/2013 18:00;36.4
08/08/2013 19:00;34.4
08/08/2013 20:00;30.1
08/08/2013 21:00;26.2
08/08/2013 22:00;25.5
08/08/2013 23:00;25.6
09/08/2013 00:00;25.5
09/08/2013 01:00;25.4
09/08/2013 00:02;
09/08/2013 03:00;24.6
09/08/2013 04:00;24.3
09/08/2013 05:00;23.9
09/08/2013 06:00;23.5
09/08/2013 07:00;23.6
09/08/2013 08:00;24.1
09/08/2013 09:00;24.8
09/08/2013 10:00;25.8
09/08/2013 11:00;27.1
09/08/2013 12:00;28.2
09/08/2013 13:00;28.1
09/08/2013 14:00;26.3
09/08/2013 15:00;25.5
09/08/2013 16:00;24.6
09/08/2013 17:00;23.5
09/08/2013 18:00;22.6
09/08/2013 19:00;22.4
09/08/2013 20:00;22.1
09/08/2013 00:21;
09/08/2013 22:00;19.7
09/08/2013 23:00;18.3
10/08/2013 00:00;
10/08/2013 00:01;
10/08/2013 02:00;18.1
10/08/2013 03:00;18.2
10/08/2013 00:04;
10/08/2013 00:05;
10/08/2013 06:00;17.5
10/08/2013 07:00;17.4
10/08/2013 00:08;
10/08/2013 09:00;18.8
10/08/2013 00:10;
10/08/2013 11:00;21.3
10/08/2013 12:00;21.9
10/08/2013 13:00;22.3
10/08/2013 14:00;22.4
10/08/2013 00:15;
10/08/2013 16:00;23.2
10/08/2013 17:00;23.6
10/08/2013 18:00;23.2
10/08/2013 19:00;22.4
10/08/2013 20:00;21.8
10/08/2013 21:00;21.5
10/08/2013 22:00;20.8
10/08/2013 23:00;20.2
11/08/2013 00:00;19.9
11/08/2013 01:00;19.3
11/08/2013 02:00;19.1
11/08/2013 03:00;18.9
11/08/2013 04:00;18.9
11/08/2013 05:00;19.3
11/08/2013 06:00;21.4
11/08/2013 07:00;21.7
11/08/2013 08:00;22.2
11/08/2013 09:00;23.2
11/08/2013 10:00;24.2
11/08/2013 11:00;24.7
11/08/2013 12:00;25.2
11/08/2013 13:00;25.7
11/08/2013 14:00;26.3
11/08/2013 15:00;26.5
11/08/2013 16:00;26.7
11/08/2013 17:00;26.5
11/08/2013 18:00;25.7
11/08/2013 19:00;24.4
11/08/2013 20:00;23.4
11/08/2013 21:00;22.8
11/08/2013 22:00;22.4
11/08/2013 23:00;21.8
12/08/2013 00:00;21.1
12/08/2013 01:00;20.3
12/08/2013 02:00;19.9
12/08/2013 00:03;
12/08/2013 04:00;18.4
12/08/2013 05:00;18.8
12/08/2013 06:00;19.4
12/08/2013 00:07;
12/08/2013 08:00;20.9
12/08/2013 00:09;
12/08/2013 10:00;23.1
12/08/2013 11:00;24.5
12/08/2013 12:00;25.5
12/08/2013 13:00;26.2
12/08/2013 14:00;26.7
12/08/2013 15:00;27.7
12/08/2013 16:00;27.3
12/08/2013 17:00;27.2
12/08/2013 18:00;25.5
12/08/2013 19:00;22.9
12/08/2013 00:20;
12/08/2013 00:21;
12/08/2013 22:00;20.3
12/08/2013 23:00;19.6
13/08/2013 00:00;19.8
13/08/2013 01:00;19.6
13/08/2013 00:02;
13/08/2013 03:00;19.1
13/08/2013 04:00;19.4
13/08/2013 05:00;19.3
13/08/2013 06:00;19.7
13/08/2013 07:00;19.4
13/08/2013 08:00;20.2
13/08/2013 00:09;
13/08/2013 10:00;21.9
13/08/2013 11:00;22.1
13/08/2013 12:00;22.7
13/08/2013 13:00;22.3
13/08/2013 00:14;
13/08/2013 15:00;21.6
13/08/2013 16:00;23.2
13/08/2013 17:00;22.6
13/08/2013 18:00;21.9
13/08/2013 19:00;21.4
13/08/2013 20:00;21.2
13/08/2013 21:00;20.8
13/08/2013 22:00;20.4
13/08/2013 23:00;19.7
14/08/2013 00:00;19.4
14/08/2013 01:00;19.3
14/08/2013 02:00;18.9
14/08/2013 03:00;18.6
14/08/2013 04:00;18.3
14/08/2013 05:00;18.2
14/08/2013 06:00;18.4
14/08/2013 07:00;18.4
14/08/2013 08:00;18.5
14/08/2013 09:00;18.9
14/08/2013 10:00;19.7
14/08/2013 11:00;20.9
14/08/2013 12:00;22.2
14/08/2013 00:13;
14/08/2013 14:00;21.8
14/08/2013 15:00;21.3
14/08/2013 16:00;21.9
14/08/2013 17:00;22.2
14/08/2013 18:00;21.7
14/08/2013 00:19;
14/08/2013 20:00;20.3
14/08/2013 00:21;
14/08/2013 22:00;19.3
14/08/2013 23:00;18.5
15/08/2013 00:00;18.4
15/08/2013 01:00;17.5
15/08/2013 02:00;16.7
15/08/2013 03:00;15.2
15/08/2013 04:00;14.8
15/08/2013 00:05;
15/08/2013 06:00;16.8
15/08/2013 07:00;18.2
15/08/2013 08:00;18.6
15/08/2013 00:09;
15/08/2013 10:00;20.7
15/08/2013 11:00;21.3
15/08/2013 12:00;21.9
15/08/2013 13:00;22.4
15/08/2013 14:00;22.8
15/08/2013 15:00;23.2
15/08/2013 16:00;23.6
15/08/2013 17:00;23.3
15/08/2013 18:00;22.7
15/08/2013 19:00;21.7
15/08/2013 20:00;20.7
15/08/2013 21:00;19.7
15/08/2013 00:22;
15/08/2013 00:23;
16/08/2013 00:00;16.5
16/08/2013 00:01;
16/08/2013 02:00;15.6
16/08/2013 00:03;
16/08/2013 04:00;14.9
16/08/2013 00:05;
16/08/2013 06:00;15.7
16/08/2013 07:00;17.1
16/08/2013 08:00;18.5
16/08/2013 09:00;20.4
16/08/2013 10:00;21.5
16/08/2013 00:11;
16/08/2013 12:00;24.1
16/08/2013 13:00;25.1
16/08/2013 00:14;
16/08/2013 15:00;26.6
16/08/2013 00:16;
16/08/2013 17:00;25.5
16/08/2013 18:00;24.9
16/08/2013 19:00;23.7
16/08/2013 20:00;22.6
16/08/2013 21:00;21.7
16/08/2013 22:00;20.8
16/08/2013 00:23;
17/08/2013 00:00;19.4
17/08/2013 01:00;18.9
17/08/2013 00:02;
17/08/2013 03:00;17.4
17/08/2013 00:04;
17/08/2013 05:00;17.1
17/08/2013 06:00;18.4
17/08/2013 07:00;19.5
17/08/2013 08:00;21.1
17/08/2013 09:00;22.6
17/08/2013 10:00;24.8
17/08/2013 00:11;
17/08/2013 12:00;26.8
17/08/2013 13:00;28.2
17/08/2013 14:00;29.2
17/08/2013 15:00;29.9
17/08/2013 16:00;30.4
17/08/2013 17:00;30.6
17/08/2013 18:00;28.8
17/08/2013 00:19;
17/08/2013 20:00;26.2
17/08/2013 21:00;24.6
17/08/2013 22:00;22.4
17/08/2013 00:23;
18/08/2013 00:00;20.2
18/08/2013 01:00;19.6
18/08/2013 02:00;19.1
18/08/2013 03:00;19.4
18/08/2013 04:00;18.9
18/08/2013 05:00;18.9
18/08/2013 06:00;20.1
18/08/2013 07:00;21.4
18/08/2013 08:00;23.1
18/08/2013 09:00;24.7
18/08/2013 10:00;26.6
18/08/2013 11:00;28.1
18/08/2013 12:00;29.8
18/08/2013 13:00;31.4
18/08/2013 14:00;32.1
18/08/2013 15:00;32.7
18/08/2013 16:00;32.6
18/08/2013 17:00;32.2
18/08/2013 18:00;30.8
18/08/2013 19:00;28.9
18/08/2013 20:00;27.3
18/08/2013 21:00;26.4
18/08/2013 22:00;25.5
18/08/2013 23:00;25.3
19/08/2013 00:00;24.6
19/08/2013 01:00;22.9
19/08/2013 02:00;22.8
19/08/2013 03:00;23.3
19/08/2013 00:04;
19/08/2013 05:00;22.5
19/08/2013 06:00;22.7
19/08/2013 07:00;23.5
19/08/2013 08:00;25.1
19/08/2013 09:00;26.2
19/08/2013 10:00;27.9
19/08/2013 11:00;27.8
19/08/2013 12:00;28.8
19/08/2013 13:00;29.6
19/08/2013 14:00;30.5
19/08/2013 15:00;29.5
19/08/2013 16:00;30.6
19/08/2013 17:00;27.8
19/08/2013 18:00;21.5
19/08/2013 19:00;21.1
19/08/2013 20:00;20.3
19/08/2013 21:00;19.5
19/08/2013 22:00;19.2
19/08/2013 23:00;18.9
20/08/2013 00:00;18.6
20/08/2013 01:00;18.3
20/08/2013 02:00;18.1
20/08/2013 03:00;18.1
20/08/2013 04:00;18.2
20/08/2013 05:00;18.3
20/08/2013 06:00;18.1
20/08/2013 07:00;18.1
20/08/2013 08:00;18.5
20/08/2013 09:00;18.7
20/08/2013 10:00;18.8
20/08/2013 11:00;19.2
20/08/2013 12:00;19.4
20/08/2013 13:00;19.3
20/08/2013 14:00;19.5
20/08/2013 15:00;19.2
20/08/2013 00:16;
20/08/2013 17:00;18.4
20/08/2013 00:18;
20/08/2013 19:00;17.4
20/08/2013 20:00;17.2
20/08/2013 21:00;17.1
20/08/2013 22:00;17.1
20/08/2013 23:00;16.9
21/08/2013 00:00;16.6
21/08/2013 01:00;16.1
21/08/2013 02:00;15.6
21/08/2013 03:00;15.3
21/08/2013 04:00;15.1
21/08/2013 00:05;
21/08/2013 06:00;14.9
21/08/2013 07:00;15.4
21/08/2013 08:00;16.5
21/08/2013 09:00;17.6
21/08/2013 10:00;18.6
21/08/2013 11:00;19.7
21/08/2013 12:00;20.3
21/08/2013 00:13;
21/08/2013 14:00;21.8
21/08/2013 15:00;22.3
21/08/2013 16:00;22.3
21/08/2013 17:00;22.2
21/08/2013 18:00;21.5
21/08/2013 19:00;20.7
21/08/2013 20:00;19.8
21/08/2013 00:21;
21/08/2013 22:00;18.3
21/08/2013 23:00;17.7
22/08/2013 00:00;17.2
22/08/2013 00:01;
22/08/2013 02:00;16.5
22/08/2013 00:03;
22/08/2013 04:00;15.8
22/08/2013 05:00;15.1
22/08/2013 06:00;16.6
22/08/2013 07:00;16.5
22/08/2013 08:00;16.7
22/08/2013 09:00;17.7
22/08/2013 10:00;19.2
22/08/2013 11:00;20.8
22/08/2013 12:00;21.8
22/08/2013 13:00;22.6
22/08/2013 14:00;23.3
22/08/2013 15:00;23.5
22/08/2013 16:00;23.5
22/08/2013 17:00;23.2
22/08/2013 18:00;22.2
22/08/2013 19:00;21.3
22/08/2013 20:00;20.3
22/08/2013 21:00;19.6
22/08/2013 22:00;18.9
22/08/2013 23:00;18.4
23/08/2013 00:00;
23/08/2013 01:00;17.4
23/08/2013 02:00;15.6
23/08/2013 03:00;15.5
23/08/2013 04:00;15.2
23/08/2013 05:00;15.4
23/08/2013 06:00;16.1
23/08/2013 07:00;16.5
23/08/2013 08:00;17.5
23/08/2013 09:00;18.8
23/08/2013 10:00;19.9
23/08/2013 11:00;21.8
23/08/2013 12:00;22.9
23/08/2013 13:00;24.1
23/08/2013 14:00;24.3
23/08/2013 15:00;24.4
23/08/2013 16:00;24.4
23/08/2013 17:00;23.8
23/08/2013 18:00;23.6
23/08/2013 19:00;22.9
23/08/2013 20:00;22.2
23/08/2013 21:00;21.3
23/08/2013 22:00;20.5
23/08/2013 23:00;19.8
24/08/2013 00:00;19.3
24/08/2013 01:00;19.1
24/08/2013 02:00;18.8
24/08/2013 03:00;18.4
24/08/2013 04:00;17.7
24/08/2013 05:00;16.7
24/08/2013 06:00;16.3
24/08/2013 07:00;15.8
24/08/2013 08:00;16.1
24/08/2013 09:00;16.1
24/08/2013 10:00;16.3
24/08/2013 11:00;17.1
24/08/2013 12:00;17.5
24/08/2013 13:00;17.6
24/08/2013 14:00;17.7
24/08/2013 15:00;18.3
24/08/2013 16:00;18.4
24/08/2013 17:00;18.2
24/08/2013 18:00;17.9
24/08/2013 19:00;17.6
24/08/2013 20:00;17.5
24/08/2013 21:00;16.9
24/08/2013 22:00;16.2
24/08/2013 23:00;15.7
25/08/2013 00:00;15.6
25/08/2013 01:00;15.7
25/08/2013 02:00;15.6
25/08/2013 03:00;15.4
25/08/2013 04:00;15.4
25/08/2013 05:00;15.6
25/08/2013 06:00;16.3
25/08/2013 07:00;17.6
25/08/2013 08:00;19.2
25/08/2013 09:00;19.6
25/08/2013 10:00;19.8
25/08/2013 11:00;19.4
25/08/2013 12:00;19.2
25/08/2013 13:00;17.8
25/08/2013 14:00;16.9
25/08/2013 15:00;16.8
25/08/2013 16:00;16.6
25/08/2013 17:00;16.4
25/08/2013 18:00;16.3
25/08/2013 19:00;15.6
25/08/2013 20:00;15.8
25/08/2013 21:00;15.9
25/08/2013 22:00;16.1
25/08/2013 23:00;15.9
26/08/2013 00:00;15.7
26/08/2013 01:00;15.7
26/08/2013 02:00;15.6
26/08/2013 03:00;15.5
26/08/2013 04:00;15.1
26/08/2013 05:00;14.7
26/08/2013 06:00;15.1
26/08/2013 07:00;15.6
26/08/2013 08:00;16.2
26/08/2013 09:00;16.6
26/08/2013 10:00;16.7
26/08/2013 11:00;16.6
26/08/2013 12:00;16.7
26/08/2013 13:00;16.7
26/08/2013 14:00;16.4
26/08/2013 15:00;16.5
26/08/2013 16:00;16.9
26/08/2013 17:00;16.5
26/08/2013 18:00;16.3
26/08/2013 19:00;15.8
26/08/2013 20:00;15.7
26/08/2013 21:00;15.6
26/08/2013 22:00;15.6
26/08/2013 23:00;15.6
27/08/2013 00:00;15.6
27/08/2013 01:00;15.8
27/08/2013 02:00;15.8
27/08/2013 03:00;15.6
27/08/2013 04:00;15.3
27/08/2013 05:00;15.1
27/08/2013 06:00;15.1
27/08/2013 07:00;15.4
27/08/2013 08:00;15.1
27/08/2013 09:00;15.5
27/08/2013 10:00;15.8
27/08/2013 11:00;15.8
27/08/2013 12:00;16.3
27/08/2013 13:00;17.5
27/08/2013 00:14;
27/08/2013 15:00;18.2
27/08/2013 16:00;18.2
27/08/2013 17:00;18.2
27/08/2013 18:00;17.8
27/08/2013 19:00;17.4
27/08/2013 20:00;17.1
27/08/2013 00:21;
27/08/2013 22:00;16.8
27/08/2013 23:00;16.6
28/08/2013 00:00;16.4
28/08/2013 01:00;15.8
28/08/2013 02:00;15.5
28/08/2013 03:00;15.1
28/08/2013 04:00;14.9
28/08/2013 05:00;14.9
28/08/2013 06:00;15.2
28/08/2013 07:00;14.8
28/08/2013 08:00;14.9
28/08/2013 09:00;15.2
28/08/2013 10:00;15.8
28/08/2013 11:00;16.6
28/08/2013 12:00;16.5
28/08/2013 13:00;16.7
28/08/2013 14:00;17.4
28/08/2013 15:00;17.4
28/08/2013 16:00;17.4
28/08/2013 17:00;17.2
28/08/2013 18:00;17.1
28/08/2013 19:00;16.9
28/08/2013 20:00;16.8
28/08/2013 21:00;16.5
28/08/2013 22:00;16.5
28/08/2013 23:00;16.6
29/08/2013 00:00;16.4
29/08/2013 01:00;16.4
29/08/2013 02:00;16.4
29/08/2013 03:00;16.5
29/08/2013 04:00;16.5
29/08/2013 05:00;16.3
29/08/2013 06:00;16.3
29/08/2013 07:00;16.9
29/08/2013 08:00;17.9
29/08/2013 09:00;18.7
29/08/2013 10:00;19.8
29/08/2013 11:00;20.7
29/08/2013 12:00;21.7
29/08/2013 13:00;22.2
29/08/2013 14:00;22.3
29/08/2013 15:00;22.1
29/08/2013 16:00;20.9
29/08/2013 17:00;21.5
29/08/2013 00:18;
29/08/2013 19:00;19.5
29/08/2013 20:00;18.8
29/08/2013 21:00;18.4
29/08/2013 22:00;17.2
29/08/2013 23:00;17.2
30/08/2013 00:00;16.8
30/08/2013 01:00;16.4
30/08/2013 02:00;16.5
30/08/2013 03:00;16.2
30/08/2013 04:00;15.7
30/08/2013 05:00;15.9
30/08/2013 06:00;16.9
30/08/2013 07:00;17.9
30/08/2013 08:00;18.6
30/08/2013 09:00;20.1
30/08/2013 10:00;21.1
30/08/2013 11:00;22.1
30/08/2013 12:00;22.6
30/08/2013 13:00;22.7
30/08/2013 00:14;
30/08/2013 15:00;23.8
30/08/2013 16:00;23.8
30/08/2013 17:00;23.6
30/08/2013 18:00;22.8
30/08/2013 19:00;21.7
30/08/2013 20:00;19.6
30/08/2013 21:00;18.1
30/08/2013 22:00;16.9
30/08/2013 23:00;15.9
31/08/2013 00:00;15.5
31/08/2013 01:00;15.1
31/08/2013 02:00;14.6
31/08/2013 03:00;14.6
31/08/2013 04:00;14.5
31/08/2013 05:00;14.7
31/08/2013 06:00;16.7
31/08/2013 00:07;
31/08/2013 08:00;20.2
31/08/2013 09:00;21.7
31/08/2013 10:00;23.2
31/08/2013 11:00;23.9
31/08/2013 12:00;24.5
31/08/2013 13:00;25.1
31/08/2013 14:00;25.4
31/08/2013 15:00;25.4
31/08/2013 16:00;25.1
31/08/2013 17:00;24.8
31/08/2013 18:00;23.7
31/08/2013 19:00;22.4
31/08/2013 20:00;20.7
31/08/2013 00:21;
31/08/2013 00:22;
31/08/2013 23:00;20.6
01/09/2013 00:00;20.5
01/09/2013 01:00;19.9
01/09/2013 02:00;19.4
01/09/2013 00:03;
01/09/2013 04:00;18.8
01/09/2013 05:00;18.4
01/09/2013 06:00;18.3
01/09/2013 07:00;18.5
01/09/2013 08:00;18.8
01/09/2013 00:09;
01/09/2013 10:00;18.3
01/09/2013 11:00;18.8
01/09/2013 12:00;19.9
01/09/2013 00:13;
01/09/2013 14:00;20.7
01/09/2013 15:00;21.2
01/09/2013 16:00;20.9
01/09/2013 17:00;19.8
01/09/2013 18:00;18.6
01/09/2013 19:00;17.5
01/09/2013 20:00;16.8
01/09/2013 21:00;16.3
01/09/2013 00:22;
01/09/2013 23:00;15.4
02/09/2013 00:00;14.9
02/09/2013 01:00;14.9
02/09/2013 02:00;14.2
02/09/2013 03:00;14.1
02/09/2013 00:04;
02/09/2013 05:00;13.9
02/09/2013 06:00;14.2
02/09/2013 00:07;
02/09/2013 08:00;15.6
02/09/2013 09:00;16.5
02/09/2013 10:00;17.2
02/09/2013 11:00;17.8
02/09/2013 12:00;18.5
02/09/2013 13:00;19.5
02/09/2013 14:00;19.4
02/09/2013 15:00;19.1
02/09/2013 16:00;19.4
02/09/2013 00:17;
02/09/2013 18:00;18.4
02/09/2013 19:00;18.1
02/09/2013 20:00;17.4
02/09/2013 21:00;16.6
02/09/2013 22:00;16.7
02/09/2013 23:00;17.2
03/09/2013 00:00;17.3
03/09/2013 01:00;17.6
03/09/2013 02:00;17.6
03/09/2013 03:00;18.2
03/09/2013 04:00;18.2
03/09/2013 05:00;18.3
03/09/2013 06:00;18.5
03/09/2013 07:00;18.7
03/09/2013 08:00;19.1
03/09/2013 09:00;19.1
03/09/2013 10:00;19.2
03/09/2013 11:00;19.3
03/09/2013 12:00;19.2
03/09/2013 13:00;19.8
03/09/2013 14:00;20.3
03/09/2013 15:00;20.7
03/09/2013 16:00;20.7
03/09/2013 17:00;20.6
03/09/2013 18:00;20.1
03/09/2013 19:00;19.7
03/09/2013 20:00;19.5
03/09/2013 21:00;19.1
03/09/2013 22:00;18.8
03/09/2013 23:00;18.5
04/09/2013 00:00;18.5
04/09/2013 01:00;18.3
04/09/2013 02:00;18.3
04/09/2013 03:00;18.4
04/09/2013 04:00;18.3
04/09/2013 05:00;18.2
04/09/2013 06:00;17.4
04/09/2013 07:00;17.6
04/09/2013 08:00;18.6
04/09/2013 09:00;19.1
04/09/2013 10:00;20.3
04/09/2013 11:00;21.8
04/09/2013 12:00;21.9
04/09/2013 13:00;22.8
04/09/2013 14:00;22.7
04/09/2013 15:00;23.8
04/09/2013 16:00;23.8
04/09/2013 00:17;
04/09/2013 18:00;22.4
04/09/2013 19:00;21.5
04/09/2013 20:00;20.8
04/09/2013 21:00;19.6
04/09/2013 22:00;18.6
04/09/2013 23:00;17.5
05/09/2013 00:00;17.1
05/09/2013 01:00;16.6
05/09/2013 00:02;
05/09/2013 03:00;16.6
05/09/2013 04:00;16.5
05/09/2013 00:05;
05/09/2013 06:00;17.2
05/09/2013 07:00;18.7
05/09/2013 08:00;19.7
05/09/2013 09:00;20.2
05/09/2013 10:00;21.6
05/09/2013 11:00;22.7
05/09/2013 12:00;24.1
05/09/2013 13:00;24.3
05/09/2013 14:00;25.5
05/09/2013 15:00;24.8
05/09/2013 16:00;25.1
05/09/2013 17:00;24.3
05/09/2013 00:18;
05/09/2013 19:00;21.9
05/09/2013 20:00;21.4
05/09/2013 21:00;20.4
05/09/2013 22:00;19.1
05/09/2013 23:00;18.6
06/09/2013 00:00;17.8
06/09/2013 01:00;16.6
06/09/2013 02:00;16.3
06/09/2013 00:03;
06/09/2013 04:00;15.1
06/09/2013 05:00;14.9
06/09/2013 00:06;
06/09/2013 07:00;16.1
06/09/2013 08:00;17.3
06/09/2013 09:00;18.6
06/09/2013 10:00;19.9
06/09/2013 11:00;21.4
06/09/2013 12:00;22.8
06/09/2013 13:00;24.3
06/09/2013 14:00;24.9
06/09/2013 15:00;25.5
06/09/2013 16:00;25.4
06/09/2013 17:00;25.1
06/09/2013 18:00;23.6
06/09/2013 00:19;
06/09/2013 20:00;20.8
06/09/2013 21:00;20.3
06/09/2013 22:00;19.9
06/09/2013 23:00;19.4
07/09/2013 00:00;18.9
07/09/2013 01:00;18.4
07/09/2013 02:00;17.9
07/09/2013 03:00;17.4
07/09/2013 04:00;16.9
07/09/2013 05:00;16.5
07/09/2013 00:06;
07/09/2013 07:00;16.5
07/09/2013 00:08;
07/09/2013 09:00;19.7
07/09/2013 10:00;21.3
07/09/2013 11:00;23.2
07/09/2013 12:00;24.8
07/09/2013 13:00;25.9
07/09/2013 14:00;26.4
07/09/2013 15:00;26.4
07/09/2013 16:00;26.3
07/09/2013 17:00;25.8
07/09/2013 18:00;24.1
07/09/2013 19:00;22.1
07/09/2013 20:00;20.8
07/09/2013 21:00;19.7
07/09/2013 22:00;19.4
07/09/2013 23:00;18.8
08/09/2013 00:00;18.1
08/09/2013 01:00;17.9
08/09/2013 02:00;17.2
08/09/2013 03:00;16.2
08/09/2013 04:00;15.7
08/09/2013 05:00;15.4
08/09/2013 06:00;16.1
08/09/2013 07:00;18.2
08/09/2013 08:00;20.1
08/09/2013 09:00;22.3
08/09/2013 00:10;
08/09/2013 11:00;24.9
08/09/2013 12:00;25.6
08/09/2013 13:00;25.9
08/09/2013 14:00;26.1
08/09/2013 15:00;26.3
08/09/2013 16:00;25.6
08/09/2013 17:00;24.8
08/09/2013 18:00;23.7
08/09/2013 19:00;22.8
08/09/2013 20:00;22.1
08/09/2013 21:00;21.4
08/09/2013 22:00;20.8
08/09/2013 23:00;20.5
09/09/2013 00:00;19.8
09/09/2013 01:00;19.2
09/09/2013 02:00;18.7
09/09/2013 03:00;18.4
09/09/2013 04:00;18.2
09/09/2013 05:00;18.2
09/09/2013 06:00;17.6
09/09/2013 07:00;17.7
09/09/2013 00:08;
09/09/2013 09:00;18.2
09/09/2013 10:00;18.4
09/09/2013 11:00;18.7
09/09/2013 12:00;18.9
09/09/2013 13:00;19.1
09/09/2013 14:00;19.2
09/09/2013 00:15;
09/09/2013 16:00;19.4
09/09/2013 17:00;19.4
09/09/2013 18:00;18.3
09/09/2013 19:00;17.7
09/09/2013 20:00;17.3
09/09/2013 21:00;17.1
09/09/2013 22:00;16.6
09/09/2013 23:00;16.2
10/09/2013 00:00;15.5
10/09/2013 01:00;14.9
10/09/2013 02:00;15.4
10/09/2013 00:03;
10/09/2013 04:00;16.7
10/09/2013 05:00;17.3
10/09/2013 00:06;
10/09/2013 07:00;18.6
10/09/2013 08:00;19.3
10/09/2013 09:00;19.9
10/09/2013 10:00;20.9
10/09/2013 11:00;22.2
10/09/2013 12:00;22.8
10/09/2013 13:00;22.9
10/09/2013 00:14;
10/09/2013 15:00;22.8
10/09/2013 16:00;21.4
10/09/2013 17:00;20.7
10/09/2013 18:00;19.8
10/09/2013 19:00;19.3
10/09/2013 20:00;16.2
10/09/2013 21:00;14.9
10/09/2013 22:00;14.8
10/09/2013 23:00;14.6
11/09/2013 00:00;14.2
11/09/2013 01:00;13.8
11/09/2013 00:02;
11/09/2013 03:00;12.6
11/09/2013 04:00;12.4
11/09/2013 05:00;12.4
11/09/2013 06:00;12.7
11/09/2013 07:00;13.1
11/09/2013 00:08;
11/09/2013 09:00;14.3
11/09/2013 10:00;14.7
11/09/2013 11:00;15.6
11/09/2013 12:00;16.4
11/09/2013 13:00;17.6
11/09/2013 14:00;18.3
11/09/2013 15:00;18.7
11/09/2013 16:00;17.9
11/09/2013 17:00;17.5
11/09/2013 18:00;16.9
11/09/2013 19:00;16.2
11/09/2013 20:00;15.3
11/09/2013 21:00;14.6
11/09/2013 22:00;14.1
11/09/2013 23:00;13.9
12/09/2013 00:00;14.1
12/09/2013 01:00;14.4
12/09/2013 02:00;14.4
12/09/2013 03:00;14.1
12/09/2013 04:00;13.9
12/09/2013 00:05;
12/09/2013 06:00;14.2
12/09/2013 07:00;14.7
12/09/2013 08:00;15.1
12/09/2013 09:00;16.4
12/09/2013 10:00;17.2
12/09/2013 11:00;17.9
12/09/2013 12:00;18.2
12/09/2013 13:00;18.4
12/09/2013 14:00;16.9
12/09/2013 15:00;17.8
12/09/2013 16:00;17.7
12/09/2013 17:00;16.4
12/09/2013 18:00;15.7
12/09/2013 19:00;14.5
12/09/2013 20:00;13.6
12/09/2013 21:00;13.3
12/09/2013 22:00;13.1
12/09/2013 23:00;12.9
13/09/2013 00:00;12.6
13/09/2013 01:00;12.4
13/09/2013 02:00;12.2
13/09/2013 03:00;12.2
13/09/2013 04:00;12.1
13/09/2013 00:05;
13/09/2013 06:00;12.5
13/09/2013 07:00;12.7
13/09/2013 00:08;
13/09/2013 09:00;13.1
13/09/2013 10:00;13.7
13/09/2013 11:00;13.6
13/09/2013 12:00;13.9
13/09/2013 13:00;14.6
13/09/2013 14:00;15.3
13/09/2013 15:00;13.9
13/09/2013 00:16;
13/09/2013 17:00;13.4
13/09/2013 18:00;12.8
13/09/2013 00:19;
13/09/2013 20:00;12.8
13/09/2013 00:21;
13/09/2013 00:22;
13/09/2013 23:00;13.2
14/09/2013 00:00;13.2
14/09/2013 01:00;13.3
14/09/2013 02:00;13.2
14/09/2013 03:00;12.8
14/09/2013 04:00;12.9
14/09/2013 05:00;13.3
14/09/2013 06:00;13.2
14/09/2013 07:00;13.1
14/09/2013 08:00;13.3
14/09/2013 09:00;13.5
14/09/2013 10:00;13.9
14/09/2013 11:00;15.3
14/09/2013 12:00;16.9
14/09/2013 13:00;18.6
14/09/2013 14:00;19.6
14/09/2013 15:00;20.1
14/09/2013 16:00;20.4
14/09/2013 17:00;19.8
14/09/2013 18:00;18.1
14/09/2013 19:00;17.2
14/09/2013 20:00;16.8
14/09/2013 21:00;16.3
14/09/2013 22:00;15.9
14/09/2013 23:00;15.8
15/09/2013 00:00;15.7
15/09/2013 01:00;15.1
15/09/2013 02:00;15.4
15/09/2013 03:00;14.5
15/09/2013 04:00;13.8
15/09/2013 05:00;13.7
15/09/2013 06:00;13.7
15/09/2013 07:00;16.3
15/09/2013 08:00;18.2
15/09/2013 00:09;
15/09/2013 10:00;18.9
15/09/2013 11:00;18.9
15/09/2013 12:00;19.9
15/09/2013 13:00;20.8
15/09/2013 14:00;20.3
15/09/2013 15:00;20.1
15/09/2013 16:00;20.1
15/09/2013 17:00;19.5
15/09/2013 00:18;
15/09/2013 19:00;18.7
15/09/2013 20:00;17.9
15/09/2013 21:00;16.7
15/09/2013 22:00;15.8
15/09/2013 23:00;15.7
16/09/2013 00:00;15.4
16/09/2013 01:00;15.5
16/09/2013 02:00;15.6
16/09/2013 03:00;15.9
16/09/2013 04:00;17.3
16/09/2013 05:00;17.1
16/09/2013 06:00;17.4
16/09/2013 07:00;17.4
16/09/2013 08:00;17.1
16/09/2013 09:00;17.3
16/09/2013 10:00;18.7
16/09/2013 11:00;19.5
16/09/2013 00:12;
16/09/2013 13:00;20.4
16/09/2013 00:14;
16/09/2013 00:15;
16/09/2013 16:00;19.7
16/09/2013 17:00;19.3
16/09/2013 18:00;18.7
16/09/2013 00:19;
16/09/2013 20:00;14.7
16/09/2013 21:00;13.9
16/09/2013 22:00;13.8
16/09/2013 00:23;
17/09/2013 00:00;13.8
17/09/2013 01:00;13.5
17/09/2013 02:00;13.6
17/09/2013 03:00;13.6
17/09/2013 00:04;
17/09/2013 05:00;12.1
17/09/2013 06:00;11.6
17/09/2013 07:00;11.6
17/09/2013 08:00;11.6
17/09/2013 09:00;11.8
17/09/2013 10:00;11.8
17/09/2013 11:00;11.5
17/09/2013 12:00;11.4
17/09/2013 13:00;10.9
17/09/2013 14:00;10.4
17/09/2013 00:15;
17/09/2013 16:00;11.8
17/09/2013 17:00;11.4
17/09/2013 18:00;10.9
17/09/2013 19:00;10.2
17/09/2013 00:20;
17/09/2013 00:21;
17/09/2013 00:22;
17/09/2013 23:00;9.9
18/09/2013 00:00;9.8
18/09/2013 00:01;
18/09/2013 02:00;9.7
18/09/2013 03:00;9.3
18/09/2013 04:00;9.5
18/09/2013 05:00;9.4
18/09/2013 06:00;9.3
18/09/2013 07:00;10.3
18/09/2013 00:08;
18/09/2013 09:00;10.2
18/09/2013 10:00;11.3
18/09/2013 11:00;12.4
18/09/2013 00:12;
18/09/2013 13:00;13.7
18/09/2013 14:00;14.6
18/09/2013 15:00;15.6
18/09/2013 16:00;16.2
18/09/2013 17:00;15.7
18/09/2013 18:00;15.6
18/09/2013 19:00;15.6
18/09/2013 20:00;15.8
18/09/2013 21:00;14.8
18/09/2013 22:00;13.7
18/09/2013 23:00;13.1
19/09/2013 00:00;13.1
19/09/2013 01:00;13.4
19/09/2013 02:00;13.1
19/09/2013 03:00;12.4
19/09/2013 04:00;12.2
19/09/2013 05:00;11.2
19/09/2013 06:00;11.3
19/09/2013 07:00;11.4
19/09/2013 08:00;11.9
19/09/2013 09:00;12.7
19/09/2013 10:00;13.9
19/09/2013 11:00;14.3
19/09/2013 12:00;15.1
19/09/2013 13:00;15.3
19/09/2013 14:00;15.1
19/09/2013 15:00;14.8
19/09/2013 16:00;13.8
19/09/2013 17:00;12.6
19/09/2013 18:00;12.3
19/09/2013 19:00;12.2
19/09/2013 00:20;
19/09/2013 21:00;11.7
19/09/2013 22:00;11.7
19/09/2013 23:00;11.9
20/09/2013 00:00;11.9
20/09/2013 00:01;
20/09/2013 02:00;12.2
20/09/2013 03:00;12.2
20/09/2013 04:00;12.3
20/09/2013 05:00;12.5
20/09/2013 06:00;12.8
20/09/2013 07:00;12.7
20/09/2013 08:00;13.3
20/09/2013 09:00;14.7
20/09/2013 10:00;15.5
20/09/2013 11:00;16.1
20/09/2013 12:00;16.5
20/09/2013 13:00;16.3
20/09/2013 14:00;14.5
20/09/2013 15:00;14.2
20/09/2013 00:16;
20/09/2013 17:00;13.9
20/09/2013 00:18;
20/09/2013 00:19;
20/09/2013 00:20;
20/09/2013 21:00;13.9
20/09/2013 00:22;
20/09/2013 00:23;
21/09/2013 00:00;13.9
21/09/2013 01:00;13.8
21/09/2013 02:00;13.9
21/09/2013 03:00;13.7
21/09/2013 04:00;13.7
21/09/2013 05:00;13.8
21/09/2013 06:00;13.9
21/09/2013 07:00;14.2
21/09/2013 08:00;14.6
21/09/2013 00:09;
21/09/2013 10:00;15.6
21/09/2013 11:00;16.1
21/09/2013 12:00;15.7
21/09/2013 00:13;
21/09/2013 14:00;15.6
21/09/2013 15:00;15.8
21/09/2013 16:00;15.6
21/09/2013 17:00;14.8
21/09/2013 18:00;14.7
21/09/2013 19:00;14.4
21/09/2013 00:20;
21/09/2013 21:00;13.8
21/09/2013 22:00;13.8
21/09/2013 23:00;13.4
22/09/2013 00:00;13.3
22/09/2013 01:00;13.1
22/09/2013 02:00;12.6
22/09/2013 03:00;12.2
22/09/2013 04:00;12.1
22/09/2013 05:00;11.9
22/09/2013 06:00;11.9
22/09/2013 07:00;12.9
22/09/2013 00:08;
22/09/2013 09:00;14.4
22/09/2013 10:00;15.4
22/09/2013 11:00;16.4
22/09/2013 12:00;17.4
22/09/2013 00:13;
22/09/2013 14:00;18.8
22/09/2013 15:00;18.5
22/09/2013 16:00;18.4
22/09/2013 00:17;
22/09/2013 18:00;17.1
22/09/2013 19:00;16.2
22/09/2013 20:00;15.6
22/09/2013 21:00;15.6
22/09/2013 22:00;15.3
22/09/2013 23:00;14.6
23/09/2013 00:00;14.6
23/09/2013 01:00;14.6
23/09/2013 02:00;14.8
23/09/2013 03:00;14.9
23/09/2013 04:00;14.9
23/09/2013 05:00;14.8
23/09/2013 06:00;14.9
23/09/2013 07:00;15.8
23/09/2013 08:00;16.5
23/09/2013 00:09;
23/09/2013 10:00;17.2
23/09/2013 11:00;16.7
23/09/2013 12:00;17.6
23/09/2013 13:00;18.1
23/09/2013 14:00;18.6
23/09/2013 15:00;18.2
23/09/2013 16:00;17.9
23/09/2013 17:00;17.7
23/09/2013 18:00;17.4
23/09/2013 19:00;17.4
23/09/2013 20:00;17.5
23/09/2013 21:00;17.2
23/09/2013 22:00;17.1
23/09/2013 23:00;17.1
24/09/2013 00:00;
24/09/2013 01:00;16.9
24/09/2013 02:00;16.4
24/09/2013 03:00;16.5
24/09/2013 04:00;16.2
24/09/2013 05:00;15.8
24/09/2013 06:00;15.7
24/09/2013 07:00;15.8
24/09/2013 08:00;16.5
24/09/2013 09:00;17.2
24/09/2013 00:10;
24/09/2013 11:00;18.3
24/09/2013 12:00;18.8
24/09/2013 13:00;18.4
24/09/2013 14:00;19.1
24/09/2013 15:00;19.8
24/09/2013 00:16;
24/09/2013 17:00;19.5
24/09/2013 18:00;18.5
24/09/2013 19:00;17.6
24/09/2013 20:00;15.5
24/09/2013 00:21;
24/09/2013 22:00;14.4
24/09/2013 23:00;13.6
25/09/2013 00:00;13.5
25/09/2013 01:00;13.5
25/09/2013 02:00;13.3
25/09/2013 03:00;13.9
25/09/2013 04:00;12.4
25/09/2013 00:05;
25/09/2013 06:00;12.2
25/09/2013 07:00;13.7
25/09/2013 08:00;13.6
25/09/2013 09:00;14.5
25/09/2013 10:00;15.4
25/09/2013 11:00;16.3
25/09/2013 00:12;
25/09/2013 13:00;18.5
25/09/2013 14:00;18.7
25/09/2013 15:00;18.5
25/09/2013 16:00;19.2
25/09/2013 00:17;
25/09/2013 18:00;17.1
25/09/2013 19:00;16.5
25/09/2013 20:00;15.6
25/09/2013 21:00;15.1
25/09/2013 22:00;14.8
25/09/2013 23:00;14.5
26/09/2013 00:00;14.4
26/09/2013 00:01;
26/09/2013 02:00;13.8
26/09/2013 03:00;13.7
26/09/2013 04:00;13.7
26/09/2013 05:00;14.6
26/09/2013 06:00;16.7
26/09/2013 07:00;17.6
26/09/2013 00:08;
26/09/2013 09:00;18.9
26/09/2013 10:00;19.5
26/09/2013 11:00;19.7
26/09/2013 12:00;18.7
26/09/2013 13:00;17.5
26/09/2013 14:00;17.8
26/09/2013 15:00;17.6
26/09/2013 16:00;17.2
26/09/2013 17:00;16.7
26/09/2013 18:00;16.2
26/09/2013 00:19;
26/09/2013 20:00;15.6
26/09/2013 21:00;14.9
26/09/2013 22:00;14.3
26/09/2013 23:00;13.3
27/09/2013 00:00;12.4
27/09/2013 01:00;11.7
27/09/2013 02:00;10.9
27/09/2013 03:00;10.5
27/09/2013 04:00;10.4
27/09/2013 00:05;
27/09/2013 06:00;9.4
27/09/2013 07:00;9.4
27/09/2013 08:00;9.7
27/09/2013 09:00;10.6
27/09/2013 10:00;11.7
27/09/2013 11:00;12.6
27/09/2013 12:00;13.5
27/09/2013 13:00;14.1
27/09/2013 14:00;14.4
27/09/2013 00:15;
27/09/2013 16:00;13.7
27/09/2013 17:00;13.2
27/09/2013 00:18;
27/09/2013 19:00;12.5
27/09/2013 20:00;12.2
27/09/2013 21:00;11.3
27/09/2013 22:00;10.5
27/09/2013 23:00;9.7
28/09/2013 00:00;
28/09/2013 01:00;8.6
28/09/2013 02:00;7.8
28/09/2013 03:00;7.6
28/09/2013 04:00;7.2
28/09/2013 05:00;6.4
28/09/2013 06:00;6.6
28/09/2013 07:00;9.4
28/09/2013 08:00;10.8
28/09/2013 09:00;11.7
28/09/2013 10:00;12.9
28/09/2013 11:00;13.7
28/09/2013 00:12;
28/09/2013 13:00;15.2
28/09/2013 14:00;15.8
28/09/2013 15:00;16.1
28/09/2013 16:00;15.4
28/09/2013 17:00;14.2
28/09/2013 18:00;13.7
28/09/2013 19:00;13.4
28/09/2013 20:00;12.9
28/09/2013 21:00;11.9
28/09/2013 22:00;11.6
28/09/2013 23:00;11.1
29/09/2013 00:00;10.4
29/09/2013 01:00;9.4
29/09/2013 02:00;9.1
29/09/2013 03:00;8.7
29/09/2013 04:00;8.4
29/09/2013 05:00;8.1
29/09/2013 00:06;
29/09/2013 07:00;8.2
29/09/2013 08:00;8.8
29/09/2013 09:00;10.1
29/09/2013 10:00;10.7
29/09/2013 11:00;11.5
29/09/2013 00:12;
29/09/2013 13:00;12.4
29/09/2013 14:00;12.4
29/09/2013 15:00;11.9
29/09/2013 16:00;11.4
29/09/2013 17:00;10.9
29/09/2013 18:00;10.6
29/09/2013 19:00;10.3
29/09/2013 20:00;10.5
29/09/2013 21:00;10.5
29/09/2013 22:00;10.6
29/09/2013 23:00;10.7
30/09/2013 00:00;10.2
30/09/2013 01:00;10.1
30/09/2013 00:02;
30/09/2013 03:00;9.9
30/09/2013 04:00;9.7
30/09/2013 05:00;9.5
30/09/2013 06:00;9.6
30/09/2013 07:00;9.4
30/09/2013 08:00;8.9
30/09/2013 09:00;9.4
30/09/2013 10:00;10.5
30/09/2013 11:00;11.4
30/09/2013 12:00;11.9
30/09/2013 13:00;12.7
30/09/2013 14:00;12.9
30/09/2013 15:00;13.5
30/09/2013 16:00;13.7
30/09/2013 17:00;13.7
30/09/2013 18:00;13.4
30/09/2013 19:00;12.8
30/09/2013 20:00;11.8
30/09/2013 00:21;
30/09/2013 22:00;10.3
30/09/2013 00:23;
01/10/2013 00:00;
01/10/2013 01:00;9.4
01/10/2013 02:00;8.6
01/10/2013 03:00;7.9
01/10/2013 04:00;7.5
01/10/2013 05:00;7.2
01/10/2013 06:00;6.9
01/10/2013 07:00;7.4
01/10/2013 00:08;
01/10/2013 09:00;8.6
01/10/2013 10:00;9.6
01/10/2013 11:00;10.7
01/10/2013 12:00;11.7
01/10/2013 13:00;12.4
01/10/2013 14:00;13.1
01/10/2013 00:15;
01/10/2013 00:16;
01/10/2013 17:00;12.3
01/10/2013 18:00;11.6
01/10/2013 19:00;10.7
01/10/2013 20:00;10.1
01/10/2013 21:00;9.5
01/10/2013 22:00;8.8
01/10/2013 23:00;8.1
02/10/2013 00:00;7.5
02/10/2013 01:00;7.1
02/10/2013 02:00;6.7
02/10/2013 03:00;6.1
02/10/2013 04:00;5.7
02/10/2013 05:00;5.6
02/10/2013 06:00;5.8
02/10/2013 07:00;6.4
02/10/2013 08:00;6.9
02/10/2013 09:00;7.4
02/10/2013 10:00;8.3
02/10/2013 11:00;9.6
02/10/2013 12:00;11.5
02/10/2013 13:00;12.1
02/10/2013 00:14;
02/10/2013 15:00;12.1
02/10/2013 00:16;
02/10/2013 17:00;11.3
02/10/2013 18:00;10.4
02/10/2013 19:00;9.4
02/10/2013 20:00;8.4
02/10/2013 21:00;7.7
02/10/2013 22:00;7.1
02/10/2013 23:00;6.6
03/10/2013 00:00;6.1
03/10/2013 01:00;5.6
03/10/2013 00:02;
03/10/2013 03:00;4.4
03/10/2013 00:04;
03/10/2013 05:00;3.4
03/10/2013 06:00;3.5
03/10/2013 00:07;
03/10/2013 08:00;5.3
03/10/2013 09:00;7.2
03/10/2013 10:00;8.3
03/10/2013 11:00;9.2
03/10/2013 12:00;9.9
03/10/2013 13:00;10.5
03/10/2013 14:00;10.8
03/10/2013 15:00;11.1
03/10/2013 16:00;10.5
03/10/2013 17:00;9.5
03/10/2013 18:00;8.6
03/10/2013 00:19;
03/10/2013 00:20;
03/10/2013 21:00;5.9
03/10/2013 22:00;5.5
03/10/2013 23:00;5.5
04/10/2013 00:00;
04/10/2013 01:00;4.3
04/10/2013 02:00;4.1
04/10/2013 03:00;3.7
04/10/2013 04:00;3.6
04/10/2013 05:00;3.5
04/10/2013 06:00;3.5
04/10/2013 07:00;4.3
04/10/2013 08:00;5.7
04/10/2013 09:00;7.7
04/10/2013 10:00;9.2
04/10/2013 11:00;10.3
04/10/2013 12:00;11.3
04/10/2013 13:00;11.9
04/10/2013 14:00;12.2
04/10/2013 15:00;12.1
04/10/2013 16:00;11.2
04/10/2013 17:00;9.9
04/10/2013 00:18;
04/10/2013 19:00;8.4
04/10/2013 20:00;7.9
04/10/2013 21:00;7.3
04/10/2013 22:00;6.8
04/10/2013 23:00;6.7
05/10/2013 00:00;6.1
05/10/2013 01:00;6.1
05/10/2013 02:00;6.1
05/10/2013 03:00;5.3
05/10/2013 04:00;4.5
05/10/2013 05:00;4.2
05/10/2013 06:00;4.5
05/10/2013 07:00;5.5
05/10/2013 08:00;7.6
05/10/2013 09:00;8.7
05/10/2013 00:10;
05/10/2013 11:00;10.7
05/10/2013 12:00;11.7
05/10/2013 13:00;12.3
05/10/2013 14:00;11.9
05/10/2013 15:00;11.5
05/10/2013 16:00;11.4
05/10/2013 00:17;
05/10/2013 18:00;10.5
05/10/2013 19:00;10.3
05/10/2013 20:00;10.1
05/10/2013 00:21;
05/10/2013 22:00;9.9
05/10/2013 23:00;9.8
06/10/2013 00:00;9.6
06/10/2013 01:00;9.4
06/10/2013 02:00;9.2
06/10/2013 03:00;8.8
06/10/2013 04:00;7.8
06/10/2013 05:00;7.7
06/10/2013 06:00;7.8
06/10/2013 07:00;8.1
06/10/2013 08:00;8.3
06/10/2013 09:00;8.6
06/10/2013 10:00;8.9
06/10/2013 11:00;9.4
06/10/2013 12:00;9.7
06/10/2013 13:00;10.2
06/10/2013 14:00;10.4
06/10/2013 15:00;10.5
06/10/2013 16:00;10.6
06/10/2013 17:00;10.4
06/10/2013 18:00;10.2
06/10/2013 19:00;10.2
06/10/2013 20:00;10.4
06/10/2013 21:00;10.3
06/10/2013 22:00;10.3
06/10/2013 23:00;10.2
07/10/2013 00:00;10.1
07/10/2013 01:00;9.6
07/10/2013 02:00;9.5
07/10/2013 03:00;9.3
07/10/2013 04:00;9.1
07/10/2013 05:00;8.8
07/10/2013 06:00;8.6
07/10/2013 07:00;8.7
07/10/2013 08:00;9.2
07/10/2013 09:00;9.9
07/10/2013 10:00;10.3
07/10/2013 11:00;10.7
07/10/2013 12:00;11.4
07/10/2013 13:00;11.7
07/10/2013 14:00;12.7
07/10/2013 15:00;13.6
07/10/2013 00:16;
07/10/2013 17:00;12.5
07/10/2013 18:00;12.2
07/10/2013 00:19;
07/10/2013 20:00;11.7
07/10/2013 21:00;11.2
07/10/2013 22:00;10.9
07/10/2013 23:00;10.5
08/10/2013 00:00;10.3
08/10/2013 01:00;10.1
08/10/2013 02:00;9.4
08/10/2013 03:00;8.4
08/10/2013 04:00;7.2
08/10/2013 05:00;7.2
08/10/2013 00:06;
08/10/2013 00:07;
08/10/2013 08:00;9.9
08/10/2013 09:00;12.8
08/10/2013 10:00;14.9
08/10/2013 11:00;16.3
08/10/2013 12:00;17.7
08/10/2013 13:00;18.3
08/10/2013 14:00;18.9
08/10/2013 15:00;18.7
08/10/2013 16:00;18.2
08/10/2013 17:00;16.7
08/10/2013 18:00;15.6
08/10/2013 19:00;14.8
08/10/2013 00:20;
08/10/2013 21:00;13.2
08/10/2013 22:00;13.1
08/10/2013 23:00;12.7
09/10/2013 00:00;11.7
09/10/2013 01:00;11.4
09/10/2013 02:00;11.6
09/10/2013 03:00;11.7
09/10/2013 04:00;11.9
09/10/2013 05:00;11.9
09/10/2013 06:00;12.2
09/10/2013 07:00;12.2
09/10/2013 08:00;12.9
09/10/2013 09:00;13.6
09/10/2013 10:00;13.6
09/10/2013 11:00;14.3
09/10/2013 12:00;15.3
09/10/2013 13:00;15.2
09/10/2013 14:00;15.9
09/10/2013 15:00;15.8
09/10/2013 16:00;15.5
09/10/2013 17:00;15.2
09/10/2013 00:18;
09/10/2013 19:00;14.9
09/10/2013 20:00;14.6
09/10/2013 21:00;14.3
09/10/2013 22:00;14.1
09/10/2013 00:23;
10/10/2013 00:00;13.7
10/10/2013 01:00;13.7
10/10/2013 02:00;13.4
10/10/2013 03:00;13.3
10/10/2013 00:04;
10/10/2013 05:00;12.7
10/10/2013 00:06;
10/10/2013 07:00;12.9
10/10/2013 08:00;13.2
10/10/2013 09:00;14.4
10/10/2013 10:00;15.7
10/10/2013 11:00;16.6
10/10/2013 12:00;16.4
10/10/2013 13:00;15.8
10/10/2013 14:00;15.6
10/10/2013 15:00;15.2
10/10/2013 16:00;15.1
10/10/2013 17:00;15.3
10/10/2013 18:00;15.3
10/10/2013 19:00;15.2
10/10/2013 20:00;14.2
10/10/2013 21:00;10.1
10/10/2013 22:00;8.7
10/10/2013 23:00;7.4
11/10/2013 00:00;7.2
11/10/2013 01:00;6.9
11/10/2013 02:00;6.6
11/10/2013 03:00;6.6
11/10/2013 04:00;6.7
11/10/2013 00:05;
11/10/2013 06:00;7.1
11/10/2013 07:00;7.2
11/10/2013 08:00;7.9
11/10/2013 09:00;8.9
11/10/2013 10:00;9.6
11/10/2013 11:00;10.2
11/10/2013 12:00;11.7
11/10/2013 13:00;12.2
11/10/2013 14:00;11.9
11/10/2013 00:15;
11/10/2013 16:00;9.3
11/10/2013 17:00;9.4
11/10/2013 00:18;
11/10/2013 19:00;10.2
11/10/2013 20:00;8.7
11/10/2013 21:00;8.3
11/10/2013 22:00;8.5
11/10/2013 23:00;8.8
12/10/2013 00:00;8.6
12/10/2013 01:00;8.7
12/10/2013 02:00;8.8
12/10/2013 03:00;8.7
12/10/2013 04:00;8.6
12/10/2013 05:00;8.1
12/10/2013 06:00;7.9
12/10/2013 07:00;8.6
12/10/2013 08:00;9.7
12/10/2013 09:00;10.8
12/10/2013 10:00;12.1
12/10/2013 11:00;14.2
12/10/2013 12:00;16.6
12/10/2013 13:00;17.3
12/10/2013 14:00;17.5
12/10/2013 15:00;16.6
12/10/2013 16:00;16.4
12/10/2013 00:17;
12/10/2013 18:00;15.4
12/10/2013 19:00;14.6
12/10/2013 20:00;13.7
12/10/2013 21:00;12.9
12/10/2013 22:00;12.4
12/10/2013 23:00;12.2
13/10/2013 00:00;11.6
13/10/2013 01:00;11.1
13/10/2013 02:00;10.8
13/10/2013 03:00;10.4
13/10/2013 00:04;
13/10/2013 05:00;8.6
13/10/2013 06:00;7.8
13/10/2013 07:00;8.7
13/10/2013 08:00;9.7
13/10/2013 00:09;
13/10/2013 10:00;10.8
13/10/2013 11:00;11.9
13/10/2013 12:00;13.2
13/10/2013 13:00;14.5
13/10/2013 14:00;16.2
13/10/2013 15:00;17.3
13/10/2013 16:00;15.7
13/10/2013 17:00;13.8
13/10/2013 18:00;12.8
13/10/2013 19:00;11.6
13/10/2013 20:00;10.2
13/10/2013 21:00;9.7
13/10/2013 22:00;8.8
13/10/2013 23:00;8.1
14/10/2013 00:00;7.8
14/10/2013 00:01;
14/10/2013 02:00;8.1
14/10/2013 03:00;7.5
14/10/2013 04:00;7.4
14/10/2013 05:00;7.3
14/10/2013 06:00;7.3
14/10/2013 07:00;8.2
14/10/2013 08:00;9.3
14/10/2013 09:00;10.5
14/10/2013 10:00;10.8
14/10/2013 11:00;10.6
14/10/2013 12:00;10.4
14/10/2013 13:00;11.5
14/10/2013 00:14;
14/10/2013 15:00;12.1
14/10/2013 16:00;11.8
14/10/2013 17:00;11.5
14/10/2013 18:00;11.2
14/10/2013 19:00;11.1
14/10/2013 20:00;10.9
14/10/2013 21:00;10.9
14/10/2013 22:00;10.9
14/10/2013 23:00;10.9
15/10/2013 00:00;10.8
15/10/2013 01:00;10.8
15/10/2013 02:00;10.9
15/10/2013 00:03;
15/10/2013 04:00;11.1
15/10/2013 05:00;10.8
15/10/2013 06:00;10.3
15/10/2013 07:00;10.1
15/10/2013 00:08;
15/10/2013 09:00;12.4
15/10/2013 10:00;13.7
15/10/2013 11:00;15.7
15/10/2013 12:00;17.5
15/10/2013 13:00;18.6
15/10/2013 14:00;17.9
15/10/2013 15:00;17.2
15/10/2013 16:00;16.1
15/10/2013 17:00;15.2
15/10/2013 18:00;14.5
15/10/2013 19:00;13.8
15/10/2013 20:00;12.9
15/10/2013 21:00;12.2
15/10/2013 22:00;11.9
15/10/2013 23:00;12.4
16/10/2013 00:00;11.9
16/10/2013 01:00;11.6
16/10/2013 02:00;10.9
16/10/2013 03:00;10.4
16/10/2013 04:00;10.4
16/10/2013 05:00;10.2
16/10/2013 00:06;
16/10/2013 07:00;10.1
16/10/2013 08:00;10.3
16/10/2013 09:00;10.4
16/10/2013 10:00;10.5
16/10/2013 11:00;11.3
16/10/2013 12:00;11.3
16/10/2013 13:00;11.9
16/10/2013 14:00;12.4
16/10/2013 15:00;12.5
16/10/2013 16:00;12.2
16/10/2013 17:00;11.5
16/10/2013 00:18;
16/10/2013 19:00;10.6
16/10/2013 20:00;10.4
16/10/2013 21:00;10.1
16/10/2013 22:00;9.8
16/10/2013 23:00;9.6
17/10/2013 00:00;9.5
17/10/2013 01:00;9.1
17/10/2013 02:00;8.9
17/10/2013 03:00;8.6
17/10/2013 04:00;8.4
17/10/2013 05:00;8.3
17/10/2013 06:00;8.4
17/10/2013 07:00;9.1
17/10/2013 08:00;10.7
17/10/2013 09:00;11.4
17/10/2013 10:00;10.5
17/10/2013 11:00;10.7
17/10/2013 12:00;11.9
17/10/2013 13:00;13.8
17/10/2013 14:00;14.4
17/10/2013 15:00;14.8
17/10/2013 00:16;
17/10/2013 17:00;14.1
17/10/2013 18:00;13.2
17/10/2013 19:00;12.8
17/10/2013 00:20;
17/10/2013 21:00;13.6
17/10/2013 22:00;14.1
17/10/2013 00:23;
18/10/2013 00:00;13.7
18/10/2013 01:00;14.1
18/10/2013 02:00;13.8
18/10/2013 03:00;12.3
18/10/2013 04:00;12.6
18/10/2013 05:00;12.8
18/10/2013 06:00;12.8
18/10/2013 07:00;12.9
18/10/2013 08:00;13.1
18/10/2013 09:00;13.5
18/10/2013 10:00;14.3
18/10/2013 11:00;14.6
18/10/2013 12:00;15.1
18/10/2013 13:00;15.3
18/10/2013 14:00;15.4
18/10/2013 15:00;15.2
18/10/2013 16:00;14.2
18/10/2013 17:00;13.4
18/10/2013 00:18;
18/10/2013 19:00;12.7
18/10/2013 20:00;12.4
18/10/2013 21:00;12.1
18/10/2013 22:00;11.9
18/10/2013 23:00;11.7
19/10/2013 00:00;11.2
19/10/2013 01:00;10.2
19/10/2013 00:02;
19/10/2013 03:00;8.6
19/10/2013 04:00;8.1
19/10/2013 05:00;8.2
19/10/2013 06:00;7.6
19/10/2013 07:00;7.4
19/10/2013 08:00;9.1
19/10/2013 09:00;10.8
19/10/2013 10:00;12.5
19/10/2013 00:11;
19/10/2013 12:00;15.2
19/10/2013 13:00;16.1
19/10/2013 14:00;16.6
19/10/2013 15:00;16.6
19/10/2013 16:00;15.7
19/10/2013 17:00;14.5
19/10/2013 00:18;
19/10/2013 19:00;13.3
19/10/2013 20:00;12.4
19/10/2013 21:00;11.7
19/10/2013 22:00;10.8
19/10/2013 00:23;
20/10/2013 00:00;9.2
20/10/2013 01:00;8.8
20/10/2013 02:00;8.7
20/10/2013 03:00;8.5
20/10/2013 04:00;8.3
20/10/2013 05:00;8.4
20/10/2013 06:00;8.3
20/10/2013 07:00;8.1
20/10/2013 00:08;
20/10/2013 09:00;8.2
20/10/2013 10:00;8.7
20/10/2013 11:00;10.2
20/10/2013 12:00;13.7
20/10/2013 13:00;15.2
20/10/2013 14:00;16.5
20/10/2013 15:00;15.7
20/10/2013 16:00;14.5
20/10/2013 17:00;13.9
20/10/2013 18:00;13.6
20/10/2013 19:00;13.1
20/10/2013 20:00;12.3
20/10/2013 21:00;12.6
20/10/2013 22:00;12.3
20/10/2013 23:00;12.6
21/10/2013 00:00;11.8
21/10/2013 01:00;11.2
21/10/2013 02:00;11.5
21/10/2013 03:00;11.7
21/10/2013 04:00;11.8
21/10/2013 05:00;11.9
21/10/2013 06:00;11.6
21/10/2013 07:00;12.3
21/10/2013 08:00;13.5
21/10/2013 09:00;16.9
21/10/2013 10:00;19.9
21/10/2013 11:00;20.7
21/10/2013 12:00;22.1
21/10/2013 13:00;23.5
21/10/2013 14:00;23.7
21/10/2013 15:00;23.8
21/10/2013 00:16;
21/10/2013 17:00;20.2
21/10/2013 18:00;19.1
21/10/2013 19:00;18.4
21/10/2013 20:00;16.3
21/10/2013 21:00;15.1
21/10/2013 22:00;14.3
21/10/2013 23:00;13.5
22/10/2013 00:00;13.2
22/10/2013 01:00;13.1
22/10/2013 02:00;12.9
22/10/2013 03:00;12.2
22/10/2013 00:04;
22/10/2013 00:05;
22/10/2013 06:00;11.5
22/10/2013 07:00;11.9
22/10/2013 08:00;12.3
22/10/2013 09:00;12.6
22/10/2013 10:00;12.8
22/10/2013 11:00;13.4
22/10/2013 12:00;14.1
22/10/2013 13:00;14.7
22/10/2013 14:00;14.8
22/10/2013 15:00;15.3
22/10/2013 00:16;
22/10/2013 17:00;14.2
22/10/2013 00:18;
22/10/2013 19:00;13.9
22/10/2013 00:20;
22/10/2013 21:00;13.9
22/10/2013 22:00;13.7
22/10/2013 23:00;13.4
23/10/2013 00:00;13.3
23/10/2013 01:00;13.2
23/10/2013 02:00;13.2
23/10/2013 03:00;13.3
23/10/2013 04:00;13.4
23/10/2013 05:00;13.3
23/10/2013 06:00;13.4
23/10/2013 07:00;13.3
23/10/2013 08:00;13.3
23/10/2013 09:00;13.3
23/10/2013 10:00;13.3
23/10/2013 11:00;14.2
23/10/2013 12:00;15.5
23/10/2013 13:00;18.6
23/10/2013 14:00;19.2
23/10/2013 15:00;18.3
23/10/2013 16:00;17.8
23/10/2013 17:00;16.4
23/10/2013 18:00;15.3
23/10/2013 19:00;14.5
23/10/2013 20:00;15.4
23/10/2013 21:00;16.1
23/10/2013 22:00;15.9
23/10/2013 23:00;15.8
24/10/2013 00:00;14.6
24/10/2013 00:01;
24/10/2013 02:00;15.6
24/10/2013 03:00;16.5
24/10/2013 04:00;15.5
24/10/2013 05:00;14.8
24/10/2013 06:00;14.5
24/10/2013 07:00;14.6
24/10/2013 00:08;
24/10/2013 09:00;15.9
24/10/2013 10:00;16.1
24/10/2013 11:00;16.4
24/10/2013 12:00;16.3
24/10/2013 13:00;16.6
24/10/2013 14:00;17.1
24/10/2013 15:00;17.4
24/10/2013 16:00;17.7
24/10/2013 17:00;16.2
24/10/2013 18:00;15.8
24/10/2013 19:00;15.4
24/10/2013 20:00;15.1
24/10/2013 21:00;14.5
24/10/2013 22:00;13.9
24/10/2013 23:00;13.2
25/10/2013 00:00;13.2
25/10/2013 01:00;12.8
25/10/2013 02:00;12.7
25/10/2013 03:00;12.9
25/10/2013 04:00;12.7
25/10/2013 05:00;12.1
25/10/2013 00:06;
25/10/2013 07:00;12.1
25/10/2013 08:00;12.2
25/10/2013 09:00;12.1
25/10/2013 10:00;12.3
25/10/2013 11:00;12.4
25/10/2013 12:00;12.6
25/10/2013 13:00;12.8
25/10/2013 14:00;13.3
25/10/2013 15:00;14.1
25/10/2013 16:00;14.2
25/10/2013 17:00;14.4
25/10/2013 18:00;14.3
25/10/2013 00:19;
25/10/2013 20:00;13.6
25/10/2013 21:00;13.4
25/10/2013 00:22;
25/10/2013 23:00;12.7
26/10/2013 00:00;12.8
26/10/2013 01:00;12.8
26/10/2013 02:00;12.8
26/10/2013 03:00;12.4
26/10/2013 04:00;12.1
26/10/2013 05:00;11.9
26/10/2013 06:00;11.8
26/10/2013 07:00;11.8
26/10/2013 08:00;12.1
26/10/2013 09:00;12.3
26/10/2013 10:00;14.1
26/10/2013 11:00;16.8
26/10/2013 12:00;17.5
26/10/2013 13:00;18.2
26/10/2013 14:00;19.4
26/10/2013 15:00;18.5
26/10/2013 16:00;17.6
26/10/2013 17:00;16.3
26/10/2013 18:00;15.4
26/10/2013 19:00;14.5
26/10/2013 20:00;13.9
26/10/2013 21:00;13.3
26/10/2013 22:00;12.7
26/10/2013 23:00;11.6
27/10/2013 00:00;11.1
27/10/2013 01:00;10.7
27/10/2013 00:02;
27/10/2013 03:00;10.2
27/10/2013 04:00;10.3
27/10/2013 05:00;10.5
27/10/2013 06:00;10.6
27/10/2013 07:00;10.6
27/10/2013 08:00;10.9
27/10/2013 09:00;11.3
27/10/2013 10:00;14.1
27/10/2013 11:00;18.4
27/10/2013 12:00;19.6
27/10/2013 13:00;18.2
27/10/2013 14:00;18.6
27/10/2013 15:00;18.4
27/10/2013 00:16;
27/10/2013 17:00;16.8
27/10/2013 18:00;16.5
27/10/2013 19:00;17.6
27/10/2013 20:00;17.9
27/10/2013 21:00;16.8
27/10/2013 22:00;17.7
27/10/2013 23:00;18.4
28/10/2013 00:00;18.3
28/10/2013 00:01;
28/10/2013 02:00;16.5
28/10/2013 03:00;15.9
28/10/2013 04:00;15.7
28/10/2013 05:00;15.8
28/10/2013 06:00;15.8
28/10/2013 07:00;15.3
28/10/2013 08:00;15.8
28/10/2013 09:00;16.6
28/10/2013 10:00;17.3
28/10/2013 11:00;18.6
28/10/2013 12:00;20.2
28/10/2013 13:00;20.9
28/10/2013 14:00;21.8
28/10/2013 15:00;22.3
28/10/2013 16:00;20.7
28/10/2013 17:00;19.5
28/10/2013 18:00;18.7
28/10/2013 19:00;18.1
28/10/2013 20:00;17.3
28/10/2013 21:00;16.2
28/10/2013 22:00;15.6
28/10/2013 23:00;15.4
29/10/2013 00:00;14.3
29/10/2013 01:00;13.5
29/10/2013 00:02;
29/10/2013 03:00;13.6
29/10/2013 04:00;13.3
29/10/2013 05:00;12.9
29/10/2013 00:06;
29/10/2013 07:00;12.8
29/10/2013 08:00;13.7
29/10/2013 00:09;
29/10/2013 10:00;16.2
29/10/2013 11:00;15.4
29/10/2013 12:00;14.8
29/10/2013 13:00;14.3
29/10/2013 14:00;13.9
29/10/2013 15:00;13.4
29/10/2013 16:00;13.8
29/10/2013 17:00;13.7
29/10/2013 18:00;13.7
29/10/2013 19:00;13.4
29/10/2013 20:00;13.1
29/10/2013 21:00;13.1
29/10/2013 22:00;12.8
29/10/2013 23:00;12.7
30/10/2013 00:00;12.6
30/10/2013 00:01;
30/10/2013 02:00;11.7
30/10/2013 03:00;11.9
30/10/2013 04:00;11.6
30/10/2013 05:00;11.6
30/10/2013 06:00;11.7
30/10/2013 07:00;11.8
30/10/2013 08:00;11.9
30/10/2013 09:00;11.9
30/10/2013 00:10;
30/10/2013 11:00;12.3
30/10/2013 12:00;12.2
30/10/2013 13:00;12.3
30/10/2013 14:00;12.4
30/10/2013 15:00;12.2
30/10/2013 16:00;11.8
30/10/2013 17:00;11.5
30/10/2013 18:00;11.4
30/10/2013 19:00;11.2
30/10/2013 20:00;11.2
30/10/2013 21:00;11.3
30/10/2013 22:00;10.9
30/10/2013 23:00;10.4
31/10/2013 00:00;10.1
31/10/2013 01:00;9.8
31/10/2013 02:00;9.1
31/10/2013 03:00;8.2
31/10/2013 04:00;7.4
31/10/2013 05:00;7.1
31/10/2013 06:00;6.9
31/10/2013 07:00;7.6
31/10/2013 08:00;8.1
31/10/2013 09:00;8.9
31/10/2013 10:00;10.2
31/10/2013 11:00;11.4
31/10/2013 12:00;12.5
31/10/2013 13:00;13.2
31/10/2013 14:00;13.8
31/10/2013 15:00;13.5
31/10/2013 16:00;12.6
31/10/2013 17:00;11.7
31/10/2013 00:18;
31/10/2013 19:00;10.2
31/10/2013 20:00;9.8
31/10/2013 21:00;9.8
31/10/2013 22:00;9.7
31/10/2013 23:00;9.4
01/11/2013 00:00;
01/11/2013 01:00;7.4
01/11/2013 02:00;7.2
01/11/2013 03:00;7.2
01/11/2013 04:00;7.1
01/11/2013 05:00;7.3
01/11/2013 06:00;7.6
01/11/2013 00:07;
01/11/2013 08:00;8.6
01/11/2013 09:00;9.5
01/11/2013 10:00;10.8
01/11/2013 11:00;13.2
01/11/2013 12:00;13.9
01/11/2013 00:13;
01/11/2013 14:00;14.8
01/11/2013 15:00;13.7
01/11/2013 16:00;12.4
01/11/2013 17:00;11.8
01/11/2013 18:00;11.7
01/11/2013 19:00;11.2
01/11/2013 20:00;10.8
01/11/2013 21:00;10.4
01/11/2013 22:00;10.2
01/11/2013 23:00;9.9
02/11/2013 00:00;9.2
02/11/2013 01:00;8.6
02/11/2013 02:00;8.7
02/11/2013 03:00;8.5
02/11/2013 04:00;8.3
02/11/2013 05:00;8.1
02/11/2013 06:00;8.2
02/11/2013 07:00;8.1
02/11/2013 08:00;8.6
02/11/2013 09:00;8.9
02/11/2013 10:00;9.3
02/11/2013 11:00;9.6
02/11/2013 12:00;9.7
02/11/2013 13:00;10.4
02/11/2013 14:00;10.7
02/11/2013 15:00;11.1
02/11/2013 16:00;10.9
02/11/2013 17:00;10.2
02/11/2013 00:18;
02/11/2013 00:19;
02/11/2013 20:00;10.3
02/11/2013 21:00;9.6
02/11/2013 00:22;
02/11/2013 23:00;8.9
03/11/2013 00:00;9.3
03/11/2013 01:00;9.5
03/11/2013 00:02;
03/11/2013 03:00;9.1
03/11/2013 04:00;9.1
03/11/2013 05:00;8.8
03/11/2013 06:00;8.5
03/11/2013 07:00;8.7
03/11/2013 08:00;9.3
03/11/2013 09:00;10.1
03/11/2013 10:00;11.5
03/11/2013 11:00;13.3
03/11/2013 12:00;13.4
03/11/2013 13:00;12.9
03/11/2013 14:00;11.8
03/11/2013 15:00;10.8
03/11/2013 16:00;10.3
03/11/2013 17:00;10.6
03/11/2013 18:00;10.4
03/11/2013 19:00;10.4
03/11/2013 20:00;10.4
03/11/2013 21:00;10.4
03/11/2013 22:00;10.2
03/11/2013 23:00;9.8
04/11/2013 00:00;9.6
04/11/2013 01:00;9.5
04/11/2013 02:00;9.2
04/11/2013 03:00;9.2
04/11/2013 04:00;9.1
04/11/2013 05:00;8.9
04/11/2013 00:06;
04/11/2013 07:00;9.6
04/11/2013 08:00;10.2
04/11/2013 09:00;10.6
04/11/2013 10:00;10.7
04/11/2013 11:00;11.1
04/11/2013 12:00;11.1
04/11/2013 13:00;11.1
04/11/2013 14:00;10.7
04/11/2013 15:00;9.9
04/11/2013 16:00;9.4
04/11/2013 17:00;9.1
04/11/2013 18:00;9.1
04/11/2013 19:00;9.4
04/11/2013 20:00;9.8
04/11/2013 21:00;10.1
04/11/2013 22:00;9.8
04/11/2013 23:00;9.3
05/11/2013 00:00;9.1
05/11/2013 01:00;9.2
05/11/2013 02:00;10.3
05/11/2013 03:00;10.4
05/11/2013 04:00;9.7
05/11/2013 05:00;9.3
05/11/2013 06:00;9.8
05/11/2013 07:00;10.2
05/11/2013 08:00;10.2
05/11/2013 09:00;10.3
05/11/2013 10:00;10.1
05/11/2013 11:00;10.1
05/11/2013 12:00;9.9
05/11/2013 13:00;9.8
05/11/2013 14:00;9.7
05/11/2013 15:00;9.4
05/11/2013 16:00;9.1
05/11/2013 17:00;8.6
05/11/2013 18:00;8.4
05/11/2013 19:00;8.2
05/11/2013 20:00;7.6
05/11/2013 21:00;7.1
05/11/2013 22:00;6.6
05/11/2013 23:00;5.7
06/11/2013 00:00;4.6
06/11/2013 01:00;4.1
06/11/2013 02:00;4.9
06/11/2013 03:00;5.4
06/11/2013 04:00;5.5
06/11/2013 05:00;5.7
06/11/2013 06:00;8.2
06/11/2013 07:00;10.1
06/11/2013 08:00;10.1
06/11/2013 09:00;10.4
06/11/2013 10:00;11.1
06/11/2013 11:00;10.9
06/11/2013 12:00;10.4
06/11/2013 13:00;10.6
06/11/2013 14:00;10.5
06/11/2013 15:00;10.3
06/11/2013 16:00;9.8
06/11/2013 17:00;9.6
06/11/2013 18:00;9.4
06/11/2013 19:00;9.3
06/11/2013 20:00;9.1
06/11/2013 21:00;8.6
06/11/2013 22:00;8.1
06/11/2013 23:00;8.2
07/11/2013 00:00;8.1
07/11/2013 01:00;7.8
07/11/2013 02:00;7.8
07/11/2013 03:00;8.2
07/11/2013 04:00;8.9
07/11/2013 05:00;10.5
07/11/2013 06:00;13.8
07/11/2013 07:00;14.7
07/11/2013 08:00;15.7
07/11/2013 09:00;16.8
07/11/2013 10:00;17.5
07/11/2013 11:00;17.9
07/11/2013 12:00;18.3
07/11/2013 13:00;19.2
07/11/2013 14:00;19.4
07/11/2013 15:00;18.8
07/11/2013 16:00;17.9
07/11/2013 17:00;17.4
07/11/2013 00:18;
07/11/2013 19:00;16.7
07/11/2013 20:00;16.4
07/11/2013 21:00;15.7
07/11/2013 22:00;13.9
07/11/2013 23:00;12.7
08/11/2013 00:00;11.8
08/11/2013 01:00;11.1
08/11/2013 02:00;10.5
08/11/2013 03:00;9.8
08/11/2013 04:00;9.4
08/11/2013 05:00;9.2
08/11/2013 06:00;9.1
08/11/2013 07:00;9.1
08/11/2013 08:00;10.4
08/11/2013 09:00;12.1
08/11/2013 10:00;13.5
08/11/2013 11:00;15.1
08/11/2013 12:00;17.2
08/11/2013 13:00;17.4
08/11/2013 14:00;16.8
08/11/2013 15:00;14.8
08/11/2013 16:00;12.6
08/11/2013 17:00;11.8
08/11/2013 18:00;11.2
08/11/2013 19:00;10.6
08/11/2013 20:00;10.7
08/11/2013 21:00;10.6
08/11/2013 22:00;10.2
08/11/2013 23:00;9.9
09/11/2013 00:00;9.6
09/11/2013 01:00;9.5
09/11/2013 02:00;9.4
09/11/2013 03:00;9.3
09/11/2013 04:00;9.5
09/11/2013 05:00;9.6
09/11/2013 00:06;
09/11/2013 07:00;11.4
09/11/2013 08:00;12.3
09/11/2013 09:00;11.7
09/11/2013 10:00;11.2
09/11/2013 11:00;11.3
09/11/2013 12:00;11.5
09/11/2013 13:00;11.7
09/11/2013 14:00;11.4
09/11/2013 15:00;10.3
09/11/2013 16:00;9.8
09/11/2013 17:00;9.7
09/11/2013 18:00;9.8
09/11/2013 19:00;9.8
09/11/2013 00:20;
09/11/2013 00:21;
09/11/2013 22:00;9.9
09/11/2013 23:00;9.9
10/11/2013 00:00;9.7
10/11/2013 01:00;9.3
10/11/2013 02:00;8.5
10/11/2013 03:00;8.5
10/11/2013 04:00;8.1
10/11/2013 05:00;8.1
10/11/2013 00:06;
10/11/2013 07:00;7.1
10/11/2013 08:00;6.4
10/11/2013 09:00;7.4
10/11/2013 10:00;9.4
10/11/2013 11:00;10.8
10/11/2013 00:12;
10/11/2013 13:00;11.7
10/11/2013 14:00;11.3
10/11/2013 15:00;10.2
10/11/2013 16:00;9.2
10/11/2013 17:00;8.8
10/11/2013 18:00;8.5
10/11/2013 19:00;8.6
10/11/2013 20:00;8.8
10/11/2013 00:21;
10/11/2013 00:22;
10/11/2013 23:00;8.3
11/11/2013 00:00;7.7
11/11/2013 01:00;6.7
11/11/2013 00:02;
11/11/2013 00:03;
11/11/2013 04:00;5.5
11/11/2013 00:05;
11/11/2013 06:00;4.9
11/11/2013 07:00;5.3
11/11/2013 08:00;5.7
11/11/2013 09:00;6.1
11/11/2013 10:00;6.6
11/11/2013 11:00;7.2
11/11/2013 12:00;7.5
11/11/2013 13:00;7.8
11/11/2013 00:14;
11/11/2013 15:00;7.9
11/11/2013 16:00;7.6
11/11/2013 17:00;7.5
11/11/2013 18:00;7.3
11/11/2013 19:00;7.1
11/11/2013 20:00;6.9
11/11/2013 21:00;6.5
11/11/2013 22:00;6.3
11/11/2013 23:00;5.8
12/11/2013 00:00;5.4
12/11/2013 01:00;5.1
12/11/2013 02:00;4.9
12/11/2013 03:00;4.6
12/11/2013 04:00;4.5
12/11/2013 05:00;4.1
12/11/2013 06:00;3.9
12/11/2013 07:00;3.8
12/11/2013 08:00;3.9
12/11/2013 09:00;4.4
12/11/2013 10:00;4.7
12/11/2013 11:00;5.7
12/11/2013 12:00;7.9
12/11/2013 13:00;9.1
12/11/2013 14:00;9.4
12/11/2013 15:00;9.1
12/11/2013 16:00;7.7
12/11/2013 00:17;
12/11/2013 18:00;6.7
12/11/2013 19:00;6.2
12/11/2013 20:00;6.2
12/11/2013 21:00;6.1
12/11/2013 00:22;
12/11/2013 23:00;6.1
13/11/2013 00:00;5.6
13/11/2013 01:00;5.8
13/11/2013 02:00;6.1
13/11/2013 03:00;6.2
13/11/2013 04:00;6.2
13/11/2013 05:00;6.4
13/11/2013 06:00;6.5
13/11/2013 07:00;6.3
13/11/2013 08:00;6.4
13/11/2013 09:00;6.4
13/11/2013 10:00;6.4
13/11/2013 11:00;6.8
13/11/2013 12:00;6.9
13/11/2013 13:00;7.6
13/11/2013 14:00;7.5
13/11/2013 15:00;7.2
13/11/2013 16:00;6.9
13/11/2013 17:00;6.8
13/11/2013 18:00;6.8
13/11/2013 19:00;6.5
13/11/2013 20:00;6.5
13/11/2013 21:00;6.4
13/11/2013 22:00;6.1
13/11/2013 23:00;5.7
14/11/2013 00:00;5.3
14/11/2013 01:00;5.4
14/11/2013 02:00;5.2
14/11/2013 03:00;4.7
14/11/2013 04:00;4.2
14/11/2013 05:00;3.9
14/11/2013 06:00;3.1
14/11/2013 07:00;2.9
14/11/2013 08:00;3.9
14/11/2013 00:09;
14/11/2013 10:00;3.8
14/11/2013 11:00;5.2
14/11/2013 12:00;6.3
14/11/2013 13:00;6.8
14/11/2013 14:00;6.6
14/11/2013 15:00;6.3
14/11/2013 16:00;6.2
14/11/2013 00:17;
14/11/2013 18:00;6.1
14/11/2013 19:00;5.9
14/11/2013 20:00;5.5
14/11/2013 21:00;5.4
14/11/2013 22:00;5.4
14/11/2013 23:00;5.5
15/11/2013 00:00;5.5
15/11/2013 01:00;5.6
15/11/2013 02:00;5.4
15/11/2013 03:00;5.4
15/11/2013 04:00;5.4
15/11/2013 05:00;5.5
15/11/2013 06:00;5.3
15/11/2013 07:00;5.1
15/11/2013 08:00;5.2
15/11/2013 09:00;5.3
15/11/2013 10:00;5.5
15/11/2013 00:11;
15/11/2013 12:00;6.5
15/11/2013 00:13;
15/11/2013 14:00;7.1
15/11/2013 15:00;7.2
15/11/2013 00:16;
15/11/2013 17:00;6.7
15/11/2013 18:00;6.5
15/11/2013 00:19;
15/11/2013 20:00;7.3
15/11/2013 21:00;7.4
15/11/2013 22:00;7.6
15/11/2013 23:00;7.3
16/11/2013 00:00;7.1
16/11/2013 01:00;6.5
16/11/2013 02:00;5.5
16/11/2013 03:00;5.2
16/11/2013 04:00;4.7
16/11/2013 05:00;4.5
16/11/2013 06:00;4.8
16/11/2013 07:00;5.6
16/11/2013 08:00;5.9
16/11/2013 09:00;6.7
16/11/2013 10:00;7.1
16/11/2013 11:00;7.3
16/11/2013 00:12;
16/11/2013 13:00;9.3
16/11/2013 14:00;10.6
16/11/2013 15:00;8.5
16/11/2013 16:00;7.9
16/11/2013 17:00;7.6
16/11/2013 18:00;7.7
16/11/2013 19:00;7.3
16/11/2013 20:00;6.8
16/11/2013 21:00;6.1
16/11/2013 00:22;
16/11/2013 00:23;
17/11/2013 00:00;5.5
17/11/2013 01:00;4.2
17/11/2013 02:00;3.6
17/11/2013 03:00;3.3
17/11/2013 04:00;3.3
17/11/2013 05:00;3.6
17/11/2013 06:00;3.8
17/11/2013 07:00;3.7
17/11/2013 08:00;3.2
17/11/2013 09:00;2.8
17/11/2013 10:00;3.2
17/11/2013 11:00;3.8
17/11/2013 12:00;5.7
17/11/2013 13:00;8.6
17/11/2013 14:00;7.4
17/11/2013 15:00;6.1
17/11/2013 16:00;6.3
17/11/2013 17:00;5.8
17/11/2013 18:00;5.9
17/11/2013 19:00;6.1
17/11/2013 20:00;6.2
17/11/2013 21:00;6.2
17/11/2013 00:22;
17/11/2013 23:00;5.6
18/11/2013 00:00;5.4
18/11/2013 01:00;5.6
18/11/2013 02:00;5.3
18/11/2013 03:00;5.3
18/11/2013 04:00;5.4
18/11/2013 05:00;5.1
18/11/2013 00:06;
18/11/2013 07:00;4.8
18/11/2013 00:08;
18/11/2013 09:00;5.6
18/11/2013 10:00;6.2
18/11/2013 11:00;7.7
18/11/2013 12:00;8.3
18/11/2013 13:00;8.2
18/11/2013 00:14;
18/11/2013 15:00;7.8
18/11/2013 16:00;7.5
18/11/2013 17:00;7.1
18/11/2013 00:18;
18/11/2013 00:19;
18/11/2013 20:00;6.8
18/11/2013 21:00;6.7
18/11/2013 22:00;6.7
18/11/2013 23:00;6.7
19/11/2013 00:00;6.7
19/11/2013 01:00;6.8
19/11/2013 02:00;6.7
19/11/2013 03:00;6.8
19/11/2013 04:00;6.8
19/11/2013 05:00;6.8
19/11/2013 06:00;6.6
19/11/2013 07:00;6.4
19/11/2013 08:00;6.4
19/11/2013 09:00;6.1
19/11/2013 10:00;6.1
19/11/2013 11:00;6.1
19/11/2013 12:00;6.7
19/11/2013 13:00;6.9
19/11/2013 14:00;6.9
19/11/2013 15:00;7.1
19/11/2013 00:16;
19/11/2013 17:00;6.9
19/11/2013 18:00;6.9
19/11/2013 19:00;6.8
19/11/2013 20:00;6.5
19/11/2013 21:00;6.1
19/11/2013 22:00;6.1
19/11/2013 23:00;6.4
20/11/2013 00:00;6.3
20/11/2013 01:00;6.3
20/11/2013 02:00;6.2
20/11/2013 03:00;6.2
20/11/2013 04:00;6.3
20/11/2013 05:00;6.6
20/11/2013 06:00;6.8
20/11/2013 07:00;6.8
20/11/2013 08:00;7.6
20/11/2013 00:09;
20/11/2013 10:00;8.4
20/11/2013 11:00;8.2
20/11/2013 12:00;9.1
20/11/2013 13:00;8.8
20/11/2013 14:00;8.4
20/11/2013 00:15;
20/11/2013 16:00;7.9
20/11/2013 17:00;7.6
20/11/2013 18:00;7.5
20/11/2013 19:00;7.1
20/11/2013 00:20;
20/11/2013 21:00;6.9
20/11/2013 22:00;6.7
20/11/2013 23:00;6.2
21/11/2013 00:00;5.7
21/11/2013 01:00;5.5
21/11/2013 02:00;5.5
21/11/2013 03:00;5.4
21/11/2013 04:00;5.2
21/11/2013 00:05;
21/11/2013 00:06;
21/11/2013 00:07;
21/11/2013 08:00;5.5
21/11/2013 00:09;
21/11/2013 00:10;
21/11/2013 11:00;5.9
21/11/2013 12:00;5.8
21/11/2013 13:00;6.1
21/11/2013 14:00;6.8
21/11/2013 15:00;7.4
21/11/2013 16:00;7.4
21/11/2013 17:00;7.5
21/11/2013 18:00;7.4
21/11/2013 19:00;7.2
21/11/2013 20:00;7.1
21/11/2013 21:00;7.1
21/11/2013 22:00;6.9
21/11/2013 23:00;6.9
22/11/2013 00:00;6.5
22/11/2013 01:00;6.1
22/11/2013 02:00;5.7
22/11/2013 03:00;5.5
22/11/2013 04:00;5.2
22/11/2013 05:00;5.3
22/11/2013 06:00;5.4
22/11/2013 07:00;5.7
22/11/2013 08:00;6.1
22/11/2013 09:00;6.1
22/11/2013 10:00;5.7
22/11/2013 11:00;5.6
22/11/2013 12:00;5.8
22/11/2013 13:00;6.3
22/11/2013 14:00;6.6
22/11/2013 15:00;6.8
22/11/2013 16:00;7.2
22/11/2013 17:00;7.4
22/11/2013 18:00;7.4
22/11/2013 19:00;7.3
22/11/2013 20:00;7.6
22/11/2013 21:00;7.9
22/11/2013 22:00;7.8
22/11/2013 23:00;7.8
23/11/2013 00:00;7.7
23/11/2013 01:00;7.1
23/11/2013 02:00;6.5
23/11/2013 03:00;6.5
23/11/2013 04:00;6.6
23/11/2013 05:00;6.7
23/11/2013 06:00;6.7
23/11/2013 07:00;6.8
23/11/2013 00:08;
23/11/2013 09:00;7.3
23/11/2013 10:00;7.9
23/11/2013 11:00;8.3
23/11/2013 12:00;8.7
23/11/2013 13:00;8.8
23/11/2013 14:00;8.7
23/11/2013 15:00;8.6
23/11/2013 16:00;8.5
23/11/2013 17:00;8.2
23/11/2013 18:00;7.9
23/11/2013 19:00;7.6
23/11/2013 20:00;7.7
23/11/2013 21:00;7.7
23/11/2013 22:00;7.8
23/11/2013 23:00;7.7
24/11/2013 00:00;7.7
24/11/2013 01:00;7.6
24/11/2013 02:00;7.7
24/11/2013 03:00;7.7
24/11/2013 04:00;7.7
24/11/2013 05:00;7.9
24/11/2013 00:06;
24/11/2013 07:00;8.2
24/11/2013 08:00;8.4
24/11/2013 09:00;8.4
24/11/2013 10:00;8.4
24/11/2013 11:00;8.3
24/11/2013 12:00;8.3
24/11/2013 13:00;8.1
24/11/2013 14:00;8.1
24/11/2013 15:00;8.1
24/11/2013 16:00;7.2
24/11/2013 17:00;6.7
24/11/2013 18:00;6.1
24/11/2013 19:00;5.4
24/11/2013 20:00;5.1
24/11/2013 21:00;5.2
24/11/2013 22:00;5.2
24/11/2013 00:23;
25/11/2013 00:00;4.6
25/11/2013 01:00;3.9
25/11/2013 02:00;2.8
25/11/2013 03:00;1.7
25/11/2013 04:00;1.2
25/11/2013 05:00;0.8
25/11/2013 06:00;0.7
25/11/2013 07:00;0.9
25/11/2013 08:00;0.6
25/11/2013 09:00;0.7
25/11/2013 10:00;1.9
25/11/2013 11:00;2.2
25/11/2013 12:00;2.6
25/11/2013 13:00;2.7
25/11/2013 14:00;2.7
25/11/2013 15:00;2.7
25/11/2013 16:00;2.4
25/11/2013 17:00;2.4
25/11/2013 00:18;
25/11/2013 19:00;1.7
25/11/2013 20:00;1.5
25/11/2013 21:00;1.4
25/11/2013 22:00;1.4
25/11/2013 23:00;1.3
26/11/2013 00:00;1.1
26/11/2013 01:00;0.9
26/11/2013 02:00;0.7
26/11/2013 03:00;0.5
26/11/2013 04:00;0.4
26/11/2013 05:00;0.5
26/11/2013 06:00;0.5
26/11/2013 07:00;0.6
26/11/2013 00:08;
26/11/2013 09:00;1.3
26/11/2013 10:00;1.6
26/11/2013 11:00;1.4
26/11/2013 12:00;0.2
26/11/2013 13:00;0.4
26/11/2013 14:00;0.7
26/11/2013 15:00;0.7
26/11/2013 16:00;0.6
26/11/2013 17:00;0.8
26/11/2013 18:00;0.9
26/11/2013 19:00;1.2
26/11/2013 20:00;1.1
26/11/2013 21:00;1.1
26/11/2013 22:00;1.1
26/11/2013 23:00;1.2
27/11/2013 00:00;1.3
27/11/2013 01:00;1.2
27/11/2013 00:02;
27/11/2013 03:00;0.8
27/11/2013 04:00;0.6
27/11/2013 05:00;0.3
27/11/2013 06:00;0.5
27/11/2013 07:00;0.4
27/11/2013 08:00;0.4
27/11/2013 09:00;0.6
27/11/2013 00:10;
27/11/2013 11:00;1.6
27/11/2013 12:00;2.2
27/11/2013 13:00;2.7
27/11/2013 00:14;
27/11/2013 15:00;2.7
27/11/2013 16:00;1.8
27/11/2013 17:00;1.2
27/11/2013 00:18;
27/11/2013 19:00;0.9
27/11/2013 20:00;0.5
27/11/2013 21:00;0.3
27/11/2013 22:00;0.3
27/11/2013 00:23;
28/11/2013 00:00;
28/11/2013 01:00;-0.2
28/11/2013 02:00;-0.4
28/11/2013 03:00;-0.4
28/11/2013 04:00;-0.5
28/11/2013 05:00;-0.6
28/11/2013 06:00;-0.4
28/11/2013 07:00;-0.4
28/11/2013 08:00;0.2
28/11/2013 09:00;1.1
28/11/2013 10:00;2.1
28/11/2013 11:00;2.6
28/11/2013 12:00;2.6
28/11/2013 13:00;2.1
28/11/2013 14:00;1.2
28/11/2013 15:00;0.9
28/11/2013 16:00;0.8
28/11/2013 00:17;
28/11/2013 18:00;1.2
28/11/2013 19:00;1.1
28/11/2013 20:00;1.5
28/11/2013 21:00;1.8
28/11/2013 22:00;1.7
28/11/2013 23:00;1.7
29/11/2013 00:00;1.8
29/11/2013 01:00;1.9
29/11/2013 02:00;2.1
29/11/2013 03:00;2.2
29/11/2013 04:00;2.3
29/11/2013 05:00;2.3
29/11/2013 06:00;2.7
29/11/2013 07:00;2.9
29/11/2013 08:00;3.3
29/11/2013 09:00;3.4
29/11/2013 10:00;3.5
29/11/2013 11:00;3.9
29/11/2013 12:00;4.3
29/11/2013 13:00;4.4
29/11/2013 14:00;4.5
29/11/2013 15:00;4.3
29/11/2013 16:00;4.3
29/11/2013 17:00;4.4
29/11/2013 18:00;4.4
29/11/2013 19:00;4.4
29/11/2013 20:00;4.6
29/11/2013 21:00;4.7
29/11/2013 22:00;4.6
29/11/2013 23:00;4.6
30/11/2013 00:00;4.9
30/11/2013 01:00;4.1
30/11/2013 02:00;3.8
30/11/2013 00:03;
30/11/2013 04:00;3.6
30/11/2013 05:00;3.8
30/11/2013 06:00;4.1
30/11/2013 07:00;4.7
30/11/2013 08:00;4.7
30/11/2013 00:09;
30/11/2013 10:00;5.6
30/11/2013 11:00;5.7
30/11/2013 00:12;
30/11/2013 13:00;6.7
30/11/2013 14:00;6.3
30/11/2013 15:00;5.9
30/11/2013 16:00;5.1
30/11/2013 17:00;4.7
30/11/2013 18:00;4.8
30/11/2013 19:00;4.9
30/11/2013 20:00;4.5
30/11/2013 21:00;4.1
30/11/2013 22:00;4.3
30/11/2013 23:00;4.7
01/12/2013 00:00;
01/12/2013 01:00;4.9
01/12/2013 02:00;4.8
01/12/2013 03:00;4.7
01/12/2013 04:00;4.8
01/12/2013 05:00;4.8
01/12/2013 06:00;4.7
01/12/2013 07:00;4.6
01/12/2013 08:00;4.5
01/12/2013 09:00;4.9
01/12/2013 10:00;5.9
01/12/2013 11:00;6.5
01/12/2013 12:00;7.1
01/12/2013 13:00;7.5
01/12/2013 14:00;7.3
01/12/2013 00:15;
01/12/2013 16:00;6.2
01/12/2013 17:00;5.2
01/12/2013 18:00;4.6
01/12/2013 19:00;4.3
01/12/2013 20:00;3.8
01/12/2013 21:00;3.5
01/12/2013 22:00;3.6
01/12/2013 23:00;4.1
02/12/2013 00:00;4.2
02/12/2013 00:01;
02/12/2013 02:00;4.3
02/12/2013 00:03;
02/12/2013 04:00;3.8
02/12/2013 05:00;4.1
02/12/2013 06:00;4.3
02/12/2013 07:00;4.3
02/12/2013 08:00;4.5
02/12/2013 09:00;5.2
02/12/2013 10:00;5.9
02/12/2013 11:00;6.4
02/12/2013 12:00;6.8
02/12/2013 13:00;7.4
02/12/2013 14:00;7.4
02/12/2013 15:00;7.2
02/12/2013 16:00;6.5
02/12/2013 17:00;6.1
02/12/2013 18:00;5.5
02/12/2013 19:00;4.9
02/12/2013 20:00;4.6
02/12/2013 21:00;4.2
02/12/2013 22:00;3.9
02/12/2013 23:00;3.1
03/12/2013 00:00;2.1
03/12/2013 01:00;2.1
03/12/2013 02:00;1.5
03/12/2013 03:00;0.7
03/12/2013 04:00;-0.2
03/12/2013 05:00;-0.7
03/12/2013 06:00;-1
03/12/2013 07:00;-1.3
03/12/2013 08:00;-1
03/12/2013 09:00;0.4
03/12/2013 10:00;1.9
03/12/2013 11:00;3.4
03/12/2013 12:00;4.4
03/12/2013 13:00;5.2
03/12/2013 14:00;5.1
03/12/2013 15:00;4.5
03/12/2013 16:00;3.5
03/12/2013 17:00;2.9
03/12/2013 18:00;2.3
03/12/2013 19:00;1.9
03/12/2013 20:00;1.4
03/12/2013 21:00;1.1
03/12/2013 22:00;0.8
03/12/2013 23:00;0.4
04/12/2013 00:00;0.2
04/12/2013 00:01;
04/12/2013 02:00;-0.4
04/12/2013 03:00;-0.7
04/12/2013 04:00;-1
04/12/2013 05:00;-1.2
04/12/2013 06:00;-1.1
04/12/2013 07:00;-1
04/12/2013 08:00;-0.8
04/12/2013 09:00;-1.2
04/12/2013 10:00;-1
04/12/2013 11:00;-1
04/12/2013 12:00;-0.7
04/12/2013 13:00;-0.3
04/12/2013 14:00;0.5
04/12/2013 15:00;-0.2
04/12/2013 16:00;-0.4
04/12/2013 17:00;0.5
04/12/2013 18:00;1.6
04/12/2013 19:00;2.3
04/12/2013 20:00;2.3
04/12/2013 21:00;2.8
04/12/2013 22:00;3.1
04/12/2013 23:00;3.2
05/12/2013 00:00;3.3
05/12/2013 01:00;3.7
05/12/2013 00:02;
05/12/2013 00:03;
05/12/2013 00:04;
05/12/2013 00:05;
05/12/2013 06:00;3.4
05/12/2013 07:00;3.5
05/12/2013 08:00;3.6
05/12/2013 09:00;3.8
05/12/2013 10:00;4.1
05/12/2013 11:00;4.7
05/12/2013 12:00;5.3
05/12/2013 13:00;5.7
05/12/2013 14:00;5.6
05/12/2013 15:00;5.5
05/12/2013 16:00;5.7
05/12/2013 17:00;4.9
05/12/2013 18:00;4.3
05/12/2013 19:00;3.9
05/12/2013 20:00;4.2
05/12/2013 21:00;5.4
05/12/2013 22:00;6.2
05/12/2013 23:00;6.5
06/12/2013 00:00;5.5
06/12/2013 01:00;5.8
06/12/2013 02:00;6.4
06/12/2013 03:00;6.7
06/12/2013 04:00;2.9
06/12/2013 05:00;3.9
06/12/2013 06:00;4.1
06/12/2013 07:00;3.4
06/12/2013 08:00;3.5
06/12/2013 09:00;3.7
06/12/2013 10:00;2.7
06/12/2013 11:00;3.9
06/12/2013 12:00;3.9
06/12/2013 13:00;3.7
06/12/2013 14:00;3.9
06/12/2013 15:00;3.6
06/12/2013 16:00;3.1
06/12/2013 17:00;2.9
06/12/2013 18:00;2.5
06/12/2013 19:00;2.4
06/12/2013 20:00;2.7
06/12/2013 21:00;2.5
06/12/2013 22:00;1.9
06/12/2013 23:00;2.1
07/12/2013 00:00;2.2
07/12/2013 01:00;2.3
07/12/2013 02:00;2.2
07/12/2013 03:00;1.8
07/12/2013 04:00;1.6
07/12/2013 00:05;
07/12/2013 00:06;
07/12/2013 07:00;1.9
07/12/2013 08:00;2.3
07/12/2013 09:00;2.7
07/12/2013 10:00;3.1
07/12/2013 11:00;3.9
07/12/2013 12:00;3.4
07/12/2013 13:00;1.9
07/12/2013 14:00;2.6
07/12/2013 15:00;3.2
07/12/2013 16:00;3.2
07/12/2013 17:00;3.5
07/12/2013 18:00;3.3
07/12/2013 19:00;3.2
07/12/2013 20:00;3.1
07/12/2013 21:00;3.1
07/12/2013 22:00;3.6
07/12/2013 23:00;3.8
08/12/2013 00:00;3.7
08/12/2013 01:00;3.6
08/12/2013 02:00;3.6
08/12/2013 03:00;3.7
08/12/2013 00:04;
08/12/2013 05:00;4.3
08/12/2013 06:00;4.6
08/12/2013 07:00;4.9
08/12/2013 08:00;5.1
08/12/2013 09:00;5.3
08/12/2013 10:00;5.7
08/12/2013 11:00;6.1
08/12/2013 12:00;6.6
08/12/2013 13:00;6.8
08/12/2013 14:00;6.5
08/12/2013 15:00;6.4
08/12/2013 16:00;5.8
08/12/2013 17:00;5.5
08/12/2013 18:00;5.7
08/12/2013 19:00;5.9
08/12/2013 20:00;5.8
08/12/2013 21:00;6.3
08/12/2013 22:00;6.4
08/12/2013 23:00;6.4
09/12/2013 00:00;6.4
09/12/2013 01:00;6.5
09/12/2013 02:00;6.8
09/12/2013 03:00;6.8
09/12/2013 04:00;6.6
09/12/2013 05:00;6.8
09/12/2013 00:06;
09/12/2013 07:00;6.9
09/12/2013 08:00;6.8
09/12/2013 09:00;6.5
09/12/2013 10:00;6.4
09/12/2013 00:11;
09/12/2013 00:12;
09/12/2013 13:00;6.5
09/12/2013 14:00;6.2
09/12/2013 15:00;6.1
09/12/2013 16:00;5.9
09/12/2013 17:00;6.2
09/12/2013 18:00;6.7
09/12/2013 19:00;6.8
09/12/2013 20:00;6.9
09/12/2013 00:21;
09/12/2013 22:00;6.9
09/12/2013 00:23;
10/12/2013 00:00;7.1
10/12/2013 01:00;7.2
10/12/2013 02:00;7.3
10/12/2013 03:00;7.4
10/12/2013 04:00;7.5
10/12/2013 05:00;7.2
10/12/2013 06:00;6.8
10/12/2013 07:00;7.1
10/12/2013 08:00;7.2
10/12/2013 09:00;7.5
10/12/2013 10:00;6.7
10/12/2013 11:00;5.2
10/12/2013 12:00;5.5
10/12/2013 13:00;5.3
10/12/2013 14:00;5.8
10/12/2013 00:15;
10/12/2013 16:00;5.6
10/12/2013 17:00;5.5
10/12/2013 00:18;
10/12/2013 19:00;6.1
10/12/2013 20:00;5.9
10/12/2013 21:00;5.8
10/12/2013 22:00;5.6
10/12/2013 23:00;5.4
11/12/2013 00:00;4.8
11/12/2013 01:00;4.4
11/12/2013 02:00;4.1
11/12/2013 03:00;3.6
11/12/2013 04:00;2.9
11/12/2013 05:00;2.6
11/12/2013 06:00;1.6
11/12/2013 07:00;1.1
11/12/2013 08:00;1.2
11/12/2013 09:00;1.3
11/12/2013 10:00;0.9
11/12/2013 11:00;1.3
11/12/2013 12:00;1.5
11/12/2013 13:00;1.9
11/12/2013 14:00;2.2
11/12/2013 15:00;2.2
11/12/2013 16:00;2.2
11/12/2013 17:00;2.3
11/12/2013 18:00;2.3
11/12/2013 19:00;2.3
11/12/2013 20:00;2.2
11/12/2013 21:00;2.5
11/12/2013 22:00;2.4
11/12/2013 23:00;2.3
12/12/2013 00:00;2.3
12/12/2013 01:00;2.3
12/12/2013 02:00;2.1
12/12/2013 03:00;1.9
12/12/2013 04:00;1.6
12/12/2013 05:00;1.5
12/12/2013 06:00;1.5
12/12/2013 07:00;1.6
12/12/2013 08:00;1.9
12/12/2013 09:00;1.7
12/12/2013 10:00;1.8
12/12/2013 11:00;1.6
12/12/2013 12:00;1.6
12/12/2013 13:00;1.6
12/12/2013 14:00;1.5
12/12/2013 15:00;1.4
12/12/2013 16:00;1.4
12/12/2013 17:00;1.3
12/12/2013 18:00;1.2
12/12/2013 19:00;1.1
12/12/2013 20:00;1.1
12/12/2013 21:00;0.8
12/12/2013 22:00;0.7
12/12/2013 23:00;0.7
13/12/2013 00:00;0.6
13/12/2013 01:00;0.7
13/12/2013 02:00;0.8
13/12/2013 03:00;0.8
13/12/2013 04:00;0.5
13/12/2013 05:00;0.4
13/12/2013 06:00;0.3
13/12/2013 07:00;0.5
13/12/2013 08:00;0.7
13/12/2013 09:00;0.9
13/12/2013 10:00;1.5
13/12/2013 11:00;2.3
13/12/2013 12:00;2.7
13/12/2013 13:00;3.4
13/12/2013 14:00;4.3
13/12/2013 15:00;2.8
13/12/2013 16:00;2.5
13/12/2013 17:00;2.3
13/12/2013 18:00;2.3
13/12/2013 19:00;2.2
13/12/2013 20:00;2.2
13/12/2013 21:00;2.2
13/12/2013 22:00;2.1
13/12/2013 23:00;1.9
14/12/2013 00:00;1.5
14/12/2013 01:00;1.1
14/12/2013 02:00;0.7
14/12/2013 03:00;0.5
14/12/2013 04:00;0.5
14/12/2013 05:00;0.5
14/12/2013 06:00;0.6
14/12/2013 07:00;0.5
14/12/2013 08:00;0.5
14/12/2013 09:00;0.6
14/12/2013 10:00;1.1
14/12/2013 11:00;1.7
14/12/2013 12:00;2.8
14/12/2013 13:00;4.6
14/12/2013 14:00;7.7
14/12/2013 15:00;5.9
14/12/2013 16:00;2.2
14/12/2013 17:00;1.6
14/12/2013 18:00;1.9
14/12/2013 19:00;0.8
14/12/2013 20:00;1.1
14/12/2013 21:00;1.4
14/12/2013 22:00;3.5
14/12/2013 23:00;4.7
15/12/2013 00:00;5.1
15/12/2013 01:00;5.1
15/12/2013 02:00;5.1
15/12/2013 03:00;5.1
15/12/2013 04:00;5.3
15/12/2013 05:00;5.5
15/12/2013 06:00;5.5
15/12/2013 07:00;5.6
15/12/2013 08:00;5.7
15/12/2013 00:09;
15/12/2013 10:00;6.7
15/12/2013 11:00;7.5
15/12/2013 12:00;8.2
15/12/2013 13:00;8.7
15/12/2013 00:14;
15/12/2013 15:00;8.5
15/12/2013 16:00;7.6
15/12/2013 17:00;7.5
15/12/2013 18:00;7.6
15/12/2013 19:00;7.1
15/12/2013 20:00;5.4
15/12/2013 21:00;4.6
15/12/2013 00:22;
15/12/2013 23:00;3.7
16/12/2013 00:00;3.7
16/12/2013 00:01;
16/12/2013 02:00;1.6
16/12/2013 03:00;1.7
16/12/2013 04:00;0.8
16/12/2013 05:00;-0.5
16/12/2013 06:00;-1.6
16/12/2013 07:00;-2
16/12/2013 08:00;-1.6
16/12/2013 09:00;-1.3
16/12/2013 10:00;-1.4
16/12/2013 11:00;-1.2
16/12/2013 12:00;-0.3
16/12/2013 00:13;
16/12/2013 14:00;-0.1
16/12/2013 00:15;
16/12/2013 16:00;-0.6
16/12/2013 17:00;-0.8
16/12/2013 18:00;-0.8
16/12/2013 19:00;-1.1
16/12/2013 20:00;-1.4
16/12/2013 21:00;-1.6
16/12/2013 22:00;-1.6
16/12/2013 23:00;-1.7
17/12/2013 00:00;-1.9
17/12/2013 01:00;-2
17/12/2013 02:00;-1.9
17/12/2013 03:00;-2.1
17/12/2013 04:00;-2.2
17/12/2013 05:00;-2.3
17/12/2013 06:00;-2.1
17/12/2013 07:00;-2
17/12/2013 08:00;-2.3
17/12/2013 09:00;-2.2
17/12/2013 10:00;-2.1
17/12/2013 11:00;-1.9
17/12/2013 12:00;-1.6
17/12/2013 13:00;-1.4
17/12/2013 14:00;-1.4
17/12/2013 15:00;-1.2
17/12/2013 16:00;-1.2
17/12/2013 17:00;-1.3
17/12/2013 18:00;-1.5
17/12/2013 19:00;-1.7
17/12/2013 20:00;-1.8
17/12/2013 21:00;-1.8
17/12/2013 22:00;-1.7
17/12/2013 23:00;-1.7
18/12/2013 00:00;-1.8
18/12/2013 01:00;-1.9
18/12/2013 02:00;-2.1
18/12/2013 03:00;-2.3
18/12/2013 04:00;-2.4
18/12/2013 05:00;-2.4
18/12/2013 06:00;-2.4
18/12/2013 07:00;-2.2
18/12/2013 08:00;-2.1
18/12/2013 09:00;-2
18/12/2013 10:00;-1.9
18/12/2013 11:00;-1.8
18/12/2013 12:00;-1.7
18/12/2013 13:00;-1.7
18/12/2013 14:00;-1.6
18/12/2013 15:00;-1.6
18/12/2013 16:00;-1.6
18/12/2013 17:00;-1.8
18/12/2013 18:00;-1.9
18/12/2013 19:00;-1.9
18/12/2013 20:00;-1.9
18/12/2013 21:00;-1.9
18/12/2013 22:00;-2.1
18/12/2013 23:00;-2.2
19/12/2013 00:00;-2.4
19/12/2013 01:00;-2.5
19/12/2013 02:00;-2.8
19/12/2013 03:00;-3
19/12/2013 04:00;-3.1
19/12/2013 05:00;-3.2
19/12/2013 06:00;-3.2
19/12/2013 07:00;-3.1
19/12/2013 08:00;-3.1
19/12/2013 09:00;-3
19/12/2013 10:00;-3
19/12/2013 11:00;-3
19/12/2013 12:00;-2.8
19/12/2013 13:00;-2.7
19/12/2013 14:00;-2.6
19/12/2013 15:00;-2.6
19/12/2013 16:00;-2.6
19/12/2013 17:00;-2.3
19/12/2013 18:00;-2.1
19/12/2013 19:00;-1.7
19/12/2013 20:00;-1.6
19/12/2013 21:00;-1.5
19/12/2013 22:00;-1.8
19/12/2013 23:00;-2.1
20/12/2013 00:00;-1.8
20/12/2013 01:00;-1.7
20/12/2013 02:00;-1.8
20/12/2013 03:00;-1.9
20/12/2013 04:00;-1.9
20/12/2013 05:00;-1.6
20/12/2013 06:00;-1.3
20/12/2013 07:00;-1.1
20/12/2013 08:00;-1
20/12/2013 09:00;-0.8
20/12/2013 10:00;-0.6
20/12/2013 11:00;-0.5
20/12/2013 12:00;-0.4
20/12/2013 13:00;-0.4
20/12/2013 14:00;-0.4
20/12/2013 15:00;-0.1
20/12/2013 16:00;0.1
20/12/2013 17:00;0.6
20/12/2013 18:00;1.7
20/12/2013 19:00;2.9
20/12/2013 20:00;3.8
20/12/2013 21:00;3.9
20/12/2013 22:00;4.6
20/12/2013 23:00;5.2
21/12/2013 00:00;5.1
21/12/2013 01:00;5.1
21/12/2013 02:00;5.2
21/12/2013 03:00;4.9
21/12/2013 04:00;4.4
21/12/2013 00:05;
21/12/2013 00:06;
21/12/2013 07:00;1.8
21/12/2013 00:08;
21/12/2013 09:00;3.5
21/12/2013 10:00;3.8
21/12/2013 11:00;4.7
21/12/2013 12:00;6.3
21/12/2013 13:00;6.4
21/12/2013 14:00;6.9
21/12/2013 15:00;5.6
21/12/2013 16:00;4.4
21/12/2013 17:00;3.1
21/12/2013 18:00;2.8
21/12/2013 19:00;2.2
21/12/2013 20:00;1.2
21/12/2013 21:00;1.1
21/12/2013 22:00;1.3
21/12/2013 23:00;1.4
22/12/2013 00:00;1.5
22/12/2013 01:00;1.9
22/12/2013 00:02;
22/12/2013 03:00;1.7
22/12/2013 04:00;1.5
22/12/2013 05:00;1.4
22/12/2013 06:00;1.4
22/12/2013 07:00;1.6
22/12/2013 08:00;1.2
22/12/2013 09:00;1.1
22/12/2013 10:00;1.1
22/12/2013 11:00;1.3
22/12/2013 12:00;1.6
22/12/2013 13:00;1.6
22/12/2013 14:00;1.6
22/12/2013 15:00;1.7
22/12/2013 16:00;1.6
22/12/2013 17:00;1.5
22/12/2013 18:00;1.4
22/12/2013 19:00;1.5
22/12/2013 20:00;1.5
22/12/2013 21:00;1.5
22/12/2013 22:00;1.5
22/12/2013 23:00;1.4
23/12/2013 00:00;1.3
23/12/2013 01:00;1.2
23/12/2013 02:00;1.3
23/12/2013 03:00;1.3
23/12/2013 04:00;1.2
23/12/2013 05:00;0.9
23/12/2013 06:00;0.7
23/12/2013 07:00;0.4
23/12/2013 08:00;0.1
23/12/2013 09:00;0.4
23/12/2013 10:00;1.6
23/12/2013 11:00;2.5
23/12/2013 12:00;2.6
23/12/2013 13:00;3.1
23/12/2013 14:00;3.2
23/12/2013 15:00;2.7
23/12/2013 16:00;2.2
23/12/2013 17:00;1.4
23/12/2013 18:00;1.4
23/12/2013 19:00;1.4
23/12/2013 20:00;1.5
23/12/2013 21:00;1.6
23/12/2013 22:00;1.5
23/12/2013 23:00;1.7
24/12/2013 00:00;2.1
24/12/2013 01:00;2.4
24/12/2013 02:00;2.3
24/12/2013 03:00;2.6
24/12/2013 04:00;2.8
24/12/2013 00:05;
24/12/2013 06:00;3.7
24/12/2013 07:00;3.9
24/12/2013 08:00;4.2
24/12/2013 09:00;5.4
24/12/2013 00:10;
24/12/2013 11:00;8.6
24/12/2013 12:00;10.8
24/12/2013 13:00;11.5
24/12/2013 00:14;
24/12/2013 15:00;11.7
24/12/2013 16:00;10.8
24/12/2013 17:00;9.7
24/12/2013 18:00;9.2
24/12/2013 00:19;
24/12/2013 00:20;
24/12/2013 21:00;8.8
24/12/2013 00:22;
24/12/2013 23:00;8.8
25/12/2013 00:00;8.9
25/12/2013 01:00;7.8
25/12/2013 02:00;6.7
25/12/2013 03:00;6.9
25/12/2013 00:04;
25/12/2013 05:00;8.9
25/12/2013 06:00;9.6
25/12/2013 07:00;10.4
25/12/2013 08:00;10.8
25/12/2013 09:00;11.3
25/12/2013 10:00;12.1
25/12/2013 11:00;13.1
25/12/2013 12:00;13.4
25/12/2013 00:13;
25/12/2013 14:00;12.9
25/12/2013 15:00;12.6
25/12/2013 16:00;12.3
25/12/2013 17:00;12.5
25/12/2013 18:00;12.7
25/12/2013 19:00;12.5
25/12/2013 20:00;12.3
25/12/2013 21:00;12.6
25/12/2013 22:00;12.5
25/12/2013 23:00;12.4
26/12/2013 00:00;12.2
26/12/2013 01:00;11.7
26/12/2013 02:00;11.8
26/12/2013 03:00;11.7
26/12/2013 04:00;11.4
26/12/2013 05:00;10.2
26/12/2013 06:00;9.9
26/12/2013 07:00;9.9
26/12/2013 08:00;9.7
26/12/2013 09:00;9.6
26/12/2013 10:00;9.6
26/12/2013 11:00;9.3
26/12/2013 12:00;8.4
26/12/2013 13:00;8.8
26/12/2013 00:14;
26/12/2013 00:15;
26/12/2013 00:16;
26/12/2013 17:00;8.5
26/12/2013 18:00;7.7
26/12/2013 19:00;7.6
26/12/2013 20:00;7.3
26/12/2013 21:00;7.3
26/12/2013 22:00;7.2
26/12/2013 23:00;7.4
27/12/2013 00:00;6.9
27/12/2013 01:00;6.3
27/12/2013 02:00;6.3
27/12/2013 03:00;6.4
27/12/2013 04:00;6.5
27/12/2013 05:00;6.6
27/12/2013 06:00;6.4
27/12/2013 07:00;6.5
27/12/2013 08:00;6.4
27/12/2013 09:00;6.8
27/12/2013 10:00;7.4
27/12/2013 11:00;7.9
27/12/2013 12:00;8.5
27/12/2013 13:00;8.5
27/12/2013 14:00;9.3
27/12/2013 15:00;9.5
27/12/2013 00:16;
27/12/2013 17:00;7.4
27/12/2013 18:00;6.8
27/12/2013 19:00;5.8
27/12/2013 20:00;5.5
27/12/2013 21:00;5.5
27/12/2013 22:00;5.2
27/12/2013 00:23;
28/12/2013 00:00;
28/12/2013 01:00;4.6
28/12/2013 02:00;4.4
28/12/2013 03:00;4.2
28/12/2013 00:04;
28/12/2013 05:00;4.2
28/12/2013 06:00;5.1
28/12/2013 07:00;5.6
28/12/2013 00:08;
28/12/2013 09:00;5.7
28/12/2013 10:00;7.3
28/12/2013 11:00;7.4
28/12/2013 12:00;7.9
28/12/2013 13:00;8.2
28/12/2013 14:00;7.9
28/12/2013 15:00;7.8
28/12/2013 16:00;7.4
28/12/2013 17:00;7.5
28/12/2013 18:00;7.6
28/12/2013 19:00;6.9
28/12/2013 20:00;6.8
28/12/2013 21:00;6.7
28/12/2013 22:00;6.8
28/12/2013 23:00;7.4
29/12/2013 00:00;6.7
29/12/2013 01:00;4.4
29/12/2013 02:00;4.4
29/12/2013 00:03;
29/12/2013 04:00;6.5
29/12/2013 05:00;7.2
29/12/2013 06:00;7.9
29/12/2013 07:00;7.8
29/12/2013 08:00;8.2
29/12/2013 09:00;8.4
29/12/2013 10:00;8.5
29/12/2013 11:00;8.5
29/12/2013 12:00;8.3
29/12/2013 13:00;8.1
29/12/2013 14:00;8.1
29/12/2013 15:00;7.8
29/12/2013 16:00;7.8
29/12/2013 17:00;7.6
29/12/2013 18:00;7.6
29/12/2013 19:00;7.7
29/12/2013 20:00;7.7
29/12/2013 21:00;7.7
29/12/2013 22:00;7.5
29/12/2013 23:00;7.3
30/12/2013 00:00;7.3
30/12/2013 01:00;7.3
30/12/2013 02:00;7.2
30/12/2013 03:00;6.9
30/12/2013 04:00;6.7
30/12/2013 05:00;6.4
30/12/2013 06:00;6.2
30/12/2013 07:00;5.8
30/12/2013 08:00;5.8
30/12/2013 09:00;5.9
30/12/2013 10:00;6.1
30/12/2013 11:00;6.4
30/12/2013 12:00;6.1
30/12/2013 13:00;6.2
30/12/2013 14:00;6.1
30/12/2013 15:00;5.8
30/12/2013 16:00;5.6
30/12/2013 17:00;5.4
30/12/2013 18:00;5.3
30/12/2013 19:00;5.4
30/12/2013 20:00;5.4
30/12/2013 21:00;5.4
30/12/2013 22:00;5.3
30/12/2013 23:00;5.1
31/12/2013 00:00;4.7
31/12/2013 01:00;4.5
31/12/2013 02:00;4.2
31/12/2013 03:00;3.8
31/12/2013 04:00;3.6
31/12/2013 05:00;3.6
31/12/2013 06:00;3.7
31/12/2013 07:00;3.5
31/12/2013 08:00;3.6
31/12/2013 09:00;3.5
31/12/2013 10:00;3.7
31/12/2013 11:00;3.9
31/12/2013 12:00;4.1
31/12/2013 13:00;4.1
31/12/2013 14:00;4.1
31/12/2013 15:00;4.2
31/12/2013 16:00;4.1
31/12/2013 17:00;4.1
31/12/2013 18:00;4.2
31/12/2013 19:00;4.2
31/12/2013 20:00;3.9
31/12/2013 21:00;3.1
31/12/2013 22:00;3.4
31/12/2013 23:00;3.5
